HEADINGS
 NPRINT= 1000  Z from  0.000000     to  200.0000    
 PRINTED AT R1=0,  R2=  0.000000      WT=   120.000degrees

SOLID

MARKERSIZE 0.06
ylabel
MV/m

ABSCISSA 1
ORDINATE  2   3   4   5


TITLES
Z
Ez(0,Z)
Ez(R2,Z)
Er(R2,Z)
Bphi(R2,Z)
ENDTITLES

AXIS_LABELS
Z
Ez(0,Z)
Ez(R2,Z)
Er(R2,Z)
Bphi(R2,Z)
ENDLABELS

CURVE_LABELS
Z
Ez(0,Z)
Ez(R2,Z)
Er(R2,Z)
Bphi(R2,Z)
ENDLABELS


DATA
;      Z      EZ(0,Z)     EZ(R2,Z)    ER(R2,Z)    Bphi(R2,Z) 
  75.20000      0.7608611E-04  0.7608611E-04   0.000000       0.000000    
  75.40000      0.1521723E-03  0.1521723E-03   0.000000       0.000000    
  75.60000      0.2299962E-03  0.2299962E-03   0.000000       0.000000    
  75.80000      0.3095580E-03  0.3095580E-03   0.000000       0.000000    
  76.00000      0.3891198E-03  0.3891198E-03   0.000000       0.000000    
  76.20000      0.4748619E-03  0.4748619E-03   0.000000       0.000000    
  76.40000      0.5606040E-03  0.5606040E-03   0.000000       0.000000    
  76.60000      0.6515534E-03  0.6515534E-03   0.000000       0.000000    
  76.80000      0.7477103E-03  0.7477103E-03   0.000000       0.000000    
  77.00000      0.8438671E-03  0.8438671E-03   0.000000       0.000000    
  77.20000      0.9535772E-03  0.9535772E-03   0.000000       0.000000    
  77.40000      0.1063287E-02  0.1063287E-02   0.000000       0.000000    
  77.60000      0.1182362E-02  0.1182362E-02   0.000000       0.000000    
  77.80000      0.1310800E-02  0.1310800E-02   0.000000       0.000000    
  78.00000      0.1439238E-02  0.1439238E-02   0.000000       0.000000    
  78.20000      0.1590340E-02  0.1590340E-02   0.000000       0.000000    
  78.40000      0.1741442E-02  0.1741442E-02   0.000000       0.000000    
  78.60000      0.1907154E-02  0.1907154E-02   0.000000       0.000000    
  78.80000      0.2087476E-02  0.2087476E-02   0.000000       0.000000    
  79.00000      0.2267797E-02  0.2267797E-02   0.000000       0.000000    
  79.20000      0.2482282E-02  0.2482282E-02   0.000000       0.000000    
  79.40000      0.2696767E-02  0.2696767E-02   0.000000       0.000000    
  79.60000      0.2932360E-02  0.2932360E-02   0.000000       0.000000    
  79.80000      0.3189061E-02  0.3189061E-02   0.000000       0.000000    
  80.00000      0.3445762E-02  0.3445762E-02   0.000000       0.000000    
  80.20000      0.3750478E-02  0.3750478E-02   0.000000       0.000000    
  80.40000      0.4055194E-02  0.4055194E-02   0.000000       0.000000    
  80.60000      0.4388380E-02  0.4388380E-02   0.000000       0.000000    
  80.80000      0.4750037E-02  0.4750037E-02   0.000000       0.000000    
  81.00000      0.5111693E-02  0.5111693E-02   0.000000       0.000000    
  81.20000      0.5536129E-02  0.5536129E-02   0.000000       0.000000    
  81.40000      0.5960564E-02  0.5960564E-02   0.000000       0.000000    
  81.60000      0.6420475E-02  0.6420475E-02   0.000000       0.000000    
  81.80000      0.6915860E-02  0.6915860E-02   0.000000       0.000000    
  82.00000      0.7411246E-02  0.7411246E-02   0.000000       0.000000    
  82.20000      0.7982061E-02  0.7982061E-02   0.000000       0.000000    
  82.40000      0.8552876E-02  0.8552876E-02   0.000000       0.000000    
  82.60000      0.9164232E-02  0.9164232E-02   0.000000       0.000000    
  82.80000      0.9816125E-02  0.9816125E-02   0.000000       0.000000    
  83.00000      0.1046802E-01  0.1046802E-01   0.000000       0.000000    
  83.20000      0.1120335E-01  0.1120335E-01   0.000000       0.000000    
  83.40000      0.1193869E-01  0.1193869E-01   0.000000       0.000000    
  83.60000      0.1271760E-01  0.1271760E-01   0.000000       0.000000    
  83.80000      0.1354008E-01  0.1354008E-01   0.000000       0.000000    
  84.00000      0.1436257E-01  0.1436257E-01   0.000000       0.000000    
  84.20000      0.1527419E-01  0.1527419E-01   0.000000       0.000000    
  84.40000      0.1618581E-01  0.1618581E-01   0.000000       0.000000    
  84.60000      0.1714507E-01  0.1714507E-01   0.000000       0.000000    
  84.80000      0.1815198E-01  0.1815198E-01   0.000000       0.000000    
  85.00000      0.1915888E-01  0.1915888E-01   0.000000       0.000000    
  85.20000      0.2026650E-01  0.2026650E-01   0.000000       0.000000    
  85.40000      0.2137412E-01  0.2137412E-01   0.000000       0.000000    
  85.60000      0.2253897E-01  0.2253897E-01   0.000000       0.000000    
  85.80000      0.2376103E-01  0.2376103E-01   0.000000       0.000000    
  86.00000      0.2498310E-01  0.2498310E-01   0.000000       0.000000    
  86.20000      0.2633117E-01  0.2633117E-01   0.000000       0.000000    
  86.40000      0.2767924E-01  0.2767924E-01   0.000000       0.000000    
  86.60000      0.2910186E-01  0.2910186E-01   0.000000       0.000000    
  86.80000      0.3059901E-01  0.3059901E-01   0.000000       0.000000    
  87.00000      0.3209617E-01  0.3209617E-01   0.000000       0.000000    
  87.20000      0.3375997E-01  0.3375997E-01   0.000000       0.000000    
  87.40000      0.3542376E-01  0.3542376E-01   0.000000       0.000000    
  87.60000      0.3718634E-01  0.3718634E-01   0.000000       0.000000    
  87.80000      0.3904769E-01  0.3904769E-01   0.000000       0.000000    
  88.00000      0.4090906E-01  0.4090906E-01   0.000000       0.000000    
  88.20000      0.4298991E-01  0.4298991E-01   0.000000       0.000000    
  88.40000      0.4507077E-01  0.4507077E-01   0.000000       0.000000    
  88.60000      0.4727962E-01  0.4727962E-01   0.000000       0.000000    
  88.80000      0.4961647E-01  0.4961647E-01   0.000000       0.000000    
  89.00000      0.5195332E-01  0.5195332E-01   0.000000       0.000000    
  89.20000      0.5457084E-01  0.5457084E-01   0.000000       0.000000    
  89.40000      0.5718836E-01  0.5718836E-01   0.000000       0.000000    
  89.60000      0.5996623E-01  0.5996623E-01   0.000000       0.000000    
  89.80000      0.6290443E-01  0.6290443E-01   0.000000       0.000000    
  90.00000      0.6584264E-01  0.6584264E-01   0.000000       0.000000    
  90.20000      0.6912732E-01  0.6912732E-01   0.000000       0.000000    
  90.40000      0.7241201E-01  0.7241201E-01   0.000000       0.000000    
  90.60000      0.7589042E-01  0.7589042E-01   0.000000       0.000000    
  90.80000      0.7956257E-01  0.7956257E-01   0.000000       0.000000    
  91.00000      0.8323473E-01  0.8323473E-01   0.000000       0.000000    
  91.20000      0.8731882E-01  0.8731882E-01   0.000000       0.000000    
  91.40000      0.9140293E-01  0.9140293E-01   0.000000       0.000000    
  91.60000      0.9571183E-01  0.9571183E-01   0.000000       0.000000    
  91.80000      0.1002455      0.1002455       0.000000       0.000000    
  92.00000      0.1047792      0.1047792       0.000000       0.000000    
  92.20000      0.1097816      0.1097816       0.000000       0.000000    
  92.40000      0.1147841      0.1147841       0.000000       0.000000    
  92.60000      0.1200345      0.1200345       0.000000       0.000000    
  92.80000      0.1255330      0.1255330       0.000000       0.000000    
  93.00000      0.1310315      0.1310315       0.000000       0.000000    
  93.20000      0.1370340      0.1370340       0.000000       0.000000    
  93.40000      0.1430364      0.1430364       0.000000       0.000000    
  93.60000      0.1492946      0.1492946       0.000000       0.000000    
  93.80000      0.1558087      0.1558087       0.000000       0.000000    
  94.00000      0.1623227      0.1623227       0.000000       0.000000    
  94.20000      0.1693379      0.1693379       0.000000       0.000000    
  94.40000      0.1763531      0.1763531       0.000000       0.000000    
  94.60000      0.1836081      0.1836081       0.000000       0.000000    
  94.80000      0.1911030      0.1911030       0.000000       0.000000    
  95.00000      0.1985979      0.1985979       0.000000       0.000000    
  95.20000      0.2065379      0.2065379       0.000000       0.000000    
  95.40000      0.2144778      0.2144778       0.000000       0.000000    
  95.60000      0.2226123      0.2226123       0.000000       0.000000    
  95.80000      0.2309414      0.2309414       0.000000       0.000000    
  96.00000      0.2392705      0.2392705       0.000000       0.000000    
  96.20000      0.2479287      0.2479287       0.000000       0.000000    
  96.40000      0.2565868      0.2565868       0.000000       0.000000    
  96.60000      0.2653659      0.2653659       0.000000       0.000000    
  96.80000      0.2742659      0.2742659       0.000000       0.000000    
  97.00000      0.2831658      0.2831658       0.000000       0.000000    
  97.20000      0.2922282      0.2922282       0.000000       0.000000    
  97.40000      0.3012906      0.3012906       0.000000       0.000000    
  97.60000      0.3103815      0.3103815       0.000000       0.000000    
  97.80000      0.3195009      0.3195009       0.000000       0.000000    
  98.00000      0.3286203      0.3286203       0.000000       0.000000    
  98.20000      0.3377105      0.3377105       0.000000       0.000000    
  98.40000      0.3468007      0.3468007       0.000000       0.000000    
  98.60000      0.3558242      0.3558242       0.000000       0.000000    
  98.80000      0.3647811      0.3647811       0.000000       0.000000    
  99.00000      0.3737380      0.3737380       0.000000       0.000000    
  99.20000      0.3824829      0.3824829       0.000000       0.000000    
  99.40000      0.3912279      0.3912279       0.000000       0.000000    
  99.60000      0.3998246      0.3998246       0.000000       0.000000    
  99.80000      0.4082730      0.4082730       0.000000       0.000000    
  100.0000      0.4167213      0.4167213       0.000000       0.000000    
  100.2000      0.4248129      0.4248129       0.000000       0.000000    
  100.4000      0.4329046      0.4329046       0.000000       0.000000    
  100.6000      0.4407902      0.4407902       0.000000       0.000000    
  100.8000      0.4484699      0.4484699       0.000000       0.000000    
  101.0000      0.4561495      0.4561495       0.000000       0.000000    
  101.2000      0.4633798      0.4633798       0.000000       0.000000    
  101.4000      0.4706100      0.4706100       0.000000       0.000000    
  101.6000      0.4776029      0.4776029       0.000000       0.000000    
  101.8000      0.4843585      0.4843585       0.000000       0.000000    
  102.0000      0.4911141      0.4911141       0.000000       0.000000    
  102.2000      0.4973781      0.4973781       0.000000       0.000000    
  102.4000      0.5036421      0.5036421       0.000000       0.000000    
  102.6000      0.5096596      0.5096596       0.000000       0.000000    
  102.8000      0.5154306      0.5154306       0.000000       0.000000    
  103.0000      0.5212016      0.5212016       0.000000       0.000000    
  103.2000      0.5264775      0.5264775       0.000000       0.000000    
  103.4000      0.5317535      0.5317535       0.000000       0.000000    
  103.6000      0.5367888      0.5367888       0.000000       0.000000    
  103.8000      0.5415833      0.5415833       0.000000       0.000000    
  104.0000      0.5463778      0.5463778       0.000000       0.000000    
  104.2000      0.5506977      0.5506977       0.000000       0.000000    
  104.4000      0.5550176      0.5550176       0.000000       0.000000    
  104.6000      0.5591103      0.5591103       0.000000       0.000000    
  104.8000      0.5629759      0.5629759       0.000000       0.000000    
  105.0000      0.5668415      0.5668415       0.000000       0.000000    
  105.2000      0.5702635      0.5702635       0.000000       0.000000    
  105.4000      0.5736854      0.5736854       0.000000       0.000000    
  105.6000      0.5768962      0.5768962       0.000000       0.000000    
  105.8000      0.5798959      0.5798959       0.000000       0.000000    
  106.0000      0.5828955      0.5828955       0.000000       0.000000    
  106.2000      0.5854837      0.5854837       0.000000       0.000000    
  106.4000      0.5880719      0.5880719       0.000000       0.000000    
  106.6000      0.5904636      0.5904636       0.000000       0.000000    
  106.8000      0.5926591      0.5926591       0.000000       0.000000    
  107.0000      0.5948544      0.5948544       0.000000       0.000000    
  107.2000      0.5966662      0.5966662       0.000000       0.000000    
  107.4000      0.5984780      0.5984780       0.000000       0.000000    
  107.6000      0.6001050      0.6001050       0.000000       0.000000    
  107.8000      0.6015472      0.6015472       0.000000       0.000000    
  108.0000      0.6029894      0.6029894       0.000000       0.000000    
  108.2000      0.6040686      0.6040686       0.000000       0.000000    
  108.4000      0.6051477      0.6051477       0.000000       0.000000    
  108.6000      0.6060495      0.6060495       0.000000       0.000000    
  108.8000      0.6067741      0.6067741       0.000000       0.000000    
  109.0000      0.6074986      0.6074986       0.000000       0.000000    
  109.2000      0.6078719      0.6078719       0.000000       0.000000    
  109.4000      0.6082452      0.6082452       0.000000       0.000000    
  109.6000      0.6084442      0.6084442       0.000000       0.000000    
  109.8000      0.6084689      0.6084689       0.000000       0.000000    
  110.0000      0.6084937      0.6084937       0.000000       0.000000    
  110.2000      0.6081699      0.6081699       0.000000       0.000000    
  110.4000      0.6078461      0.6078461       0.000000       0.000000    
  110.6000      0.6073465      0.6073465       0.000000       0.000000    
  110.8000      0.6066709      0.6066709       0.000000       0.000000    
  111.0000      0.6059954      0.6059954       0.000000       0.000000    
  111.2000      0.6049647      0.6049647       0.000000       0.000000    
  111.4000      0.6039340      0.6039340       0.000000       0.000000    
  111.6000      0.6027212      0.6027212       0.000000       0.000000    
  111.8000      0.6013263      0.6013263       0.000000       0.000000    
  112.0000      0.5999315      0.5999315       0.000000       0.000000    
  112.2000      0.5981658      0.5981658       0.000000       0.000000    
  112.4000      0.5964000      0.5964000       0.000000       0.000000    
  112.6000      0.5944415      0.5944415       0.000000       0.000000    
  112.8000      0.5922902      0.5922902       0.000000       0.000000    
  113.0000      0.5901389      0.5901389       0.000000       0.000000    
  113.2000      0.5875925      0.5875925       0.000000       0.000000    
  113.4000      0.5850460      0.5850460       0.000000       0.000000    
  113.6000      0.5822924      0.5822924       0.000000       0.000000    
  113.8000      0.5793313      0.5793313       0.000000       0.000000    
  114.0000      0.5763702      0.5763702       0.000000       0.000000    
  114.2000      0.5729830      0.5729830       0.000000       0.000000    
  114.4000      0.5695959      0.5695959       0.000000       0.000000    
  114.6000      0.5659844      0.5659844       0.000000       0.000000    
  114.8000      0.5621486      0.5621486       0.000000       0.000000    
  115.0000      0.5583128      0.5583128       0.000000       0.000000    
  115.2000      0.5540170      0.5540170       0.000000       0.000000    
  115.4000      0.5497211      0.5497211       0.000000       0.000000    
  115.6000      0.5451844      0.5451844       0.000000       0.000000    
  115.8000      0.5404068      0.5404068       0.000000       0.000000    
  116.0000      0.5356292      0.5356292       0.000000       0.000000    
  116.2000      0.5303618      0.5303618       0.000000       0.000000    
  116.4000      0.5250944      0.5250944       0.000000       0.000000    
  116.6000      0.5195748      0.5195748       0.000000       0.000000    
  116.8000      0.5138028      0.5138028       0.000000       0.000000    
  117.0000      0.5080309      0.5080309       0.000000       0.000000    
  117.2000      0.5017549      0.5017549       0.000000       0.000000    
  117.4000      0.4954790      0.4954790       0.000000       0.000000    
  117.6000      0.4889514      0.4889514       0.000000       0.000000    
  117.8000      0.4821722      0.4821722       0.000000       0.000000    
  118.0000      0.4753929      0.4753929       0.000000       0.000000    
  118.2000      0.4681260      0.4681260       0.000000       0.000000    
  118.4000      0.4608590      0.4608590       0.000000       0.000000    
  118.6000      0.4533608      0.4533608       0.000000       0.000000    
  118.8000      0.4456315      0.4456315       0.000000       0.000000    
  119.0000      0.4379022      0.4379022       0.000000       0.000000    
  119.2000      0.4297473      0.4297473       0.000000       0.000000    
  119.4000      0.4215924      0.4215924       0.000000       0.000000    
  119.6000      0.4132531      0.4132531       0.000000       0.000000    
  119.8000      0.4047294      0.4047294       0.000000       0.000000    
  120.0000      0.3962058      0.3962058       0.000000       0.000000    
  120.2000      0.3873738      0.3873738       0.000000       0.000000    
  120.4000      0.3785419      0.3785419       0.000000       0.000000    
  120.6000      0.3695997      0.3695997       0.000000       0.000000    
  120.8000      0.3605472      0.3605472       0.000000       0.000000    
  121.0000      0.3514948      0.3514948       0.000000       0.000000    
  121.2000      0.3423022      0.3423022       0.000000       0.000000    
  121.4000      0.3331096      0.3331096       0.000000       0.000000    
  121.6000      0.3239011      0.3239011       0.000000       0.000000    
  121.8000      0.3146765      0.3146765       0.000000       0.000000    
  122.0000      0.3054519      0.3054519       0.000000       0.000000    
  122.2000      0.2962842      0.2962842       0.000000       0.000000    
  122.4000      0.2871166      0.2871166       0.000000       0.000000    
  122.6000      0.2780321      0.2780321       0.000000       0.000000    
  122.8000      0.2690308      0.2690308       0.000000       0.000000    
  123.0000      0.2600295      0.2600295       0.000000       0.000000    
  123.2000      0.2512768      0.2512768       0.000000       0.000000    
  123.4000      0.2425242      0.2425242       0.000000       0.000000    
  123.6000      0.2339408      0.2339408       0.000000       0.000000    
  123.8000      0.2255267      0.2255267       0.000000       0.000000    
  124.0000      0.2171126      0.2171126       0.000000       0.000000    
  124.2000      0.2090995      0.2090995       0.000000       0.000000    
  124.4000      0.2010865      0.2010865       0.000000       0.000000    
  124.6000      0.1933021      0.1933021       0.000000       0.000000    
  124.8000      0.1857465      0.1857465       0.000000       0.000000    
  125.0000      0.1781909      0.1781909       0.000000       0.000000    
  125.2000      0.1711289      0.1711289       0.000000       0.000000    
  125.4000      0.1640670      0.1640670       0.000000       0.000000    
  125.6000      0.1572619      0.1572619       0.000000       0.000000    
  125.8000      0.1507136      0.1507136       0.000000       0.000000    
  126.0000      0.1441653      0.1441653       0.000000       0.000000    
  126.2000      0.1381418      0.1381418       0.000000       0.000000    
  126.4000      0.1321183      0.1321183       0.000000       0.000000    
  126.6000      0.1263520      0.1263520       0.000000       0.000000    
  126.8000      0.1208431      0.1208431       0.000000       0.000000    
  127.0000      0.1153342      0.1153342       0.000000       0.000000    
  127.2000      0.1103321      0.1103321       0.000000       0.000000    
  127.4000      0.1053299      0.1053299       0.000000       0.000000    
  127.6000      0.1005663      0.1005663       0.000000       0.000000    
  127.8000      0.9604101E-01  0.9604101E-01   0.000000       0.000000    
  128.0000      0.9151576E-01  0.9151576E-01   0.000000       0.000000    
  128.2000      0.8744816E-01  0.8744816E-01   0.000000       0.000000    
  128.4000      0.8338054E-01  0.8338054E-01   0.000000       0.000000    
  128.6000      0.7952194E-01  0.7952194E-01   0.000000       0.000000    
  128.8000      0.7587232E-01  0.7587232E-01   0.000000       0.000000    
  129.0000      0.7222272E-01  0.7222272E-01   0.000000       0.000000    
  129.2000      0.6896672E-01  0.6896672E-01   0.000000       0.000000    
  129.4000      0.6571072E-01  0.6571072E-01   0.000000       0.000000    
  129.6000      0.6263050E-01  0.6263050E-01   0.000000       0.000000    
  129.8000      0.5972605E-01  0.5972605E-01   0.000000       0.000000    
  130.0000      0.5682160E-01  0.5682160E-01   0.000000       0.000000    
  130.2000      0.5424332E-01  0.5424332E-01   0.000000       0.000000    
  130.4000      0.5166504E-01  0.5166504E-01   0.000000       0.000000    
  130.6000      0.4922971E-01  0.4922971E-01   0.000000       0.000000    
  130.8000      0.4693733E-01  0.4693733E-01   0.000000       0.000000    
  131.0000      0.4464495E-01  0.4464495E-01   0.000000       0.000000    
  131.2000      0.4261437E-01  0.4261437E-01   0.000000       0.000000    
  131.4000      0.4058379E-01  0.4058379E-01   0.000000       0.000000    
  131.6000      0.3866587E-01  0.3866587E-01   0.000000       0.000000    
  131.8000      0.3686061E-01  0.3686061E-01   0.000000       0.000000    
  132.0000      0.3505534E-01  0.3505534E-01   0.000000       0.000000    
  132.2000      0.3345364E-01  0.3345364E-01   0.000000       0.000000    
  132.4000      0.3185193E-01  0.3185193E-01   0.000000       0.000000    
  132.6000      0.3033616E-01  0.3033616E-01   0.000000       0.000000    
  132.8000      0.2890631E-01  0.2890631E-01   0.000000       0.000000    
  133.0000      0.2747646E-01  0.2747646E-01   0.000000       0.000000    
  133.2000      0.2619990E-01  0.2619990E-01   0.000000       0.000000    
  133.4000      0.2492334E-01  0.2492334E-01   0.000000       0.000000    
  133.6000      0.2371058E-01  0.2371058E-01   0.000000       0.000000    
  133.8000      0.2256164E-01  0.2256164E-01   0.000000       0.000000    
  134.0000      0.2141269E-01  0.2141269E-01   0.000000       0.000000    
  134.2000      0.2037725E-01  0.2037725E-01   0.000000       0.000000    
  134.4000      0.1934180E-01  0.1934180E-01   0.000000       0.000000    
  134.6000      0.1835420E-01  0.1835420E-01   0.000000       0.000000    
  134.8000      0.1741445E-01  0.1741445E-01   0.000000       0.000000    
  135.0000      0.1647469E-01  0.1647469E-01   0.000000       0.000000    
  135.2000      0.1562223E-01  0.1562223E-01   0.000000       0.000000    
  135.4000      0.1476977E-01  0.1476977E-01   0.000000       0.000000    
  135.6000      0.1395630E-01  0.1395630E-01   0.000000       0.000000    
  135.8000      0.1318181E-01  0.1318181E-01   0.000000       0.000000    
  136.0000      0.1240733E-01  0.1240733E-01   0.000000       0.000000    
  136.2000      0.1170761E-01  0.1170761E-01   0.000000       0.000000    
  136.4000      0.1100788E-01  0.1100788E-01   0.000000       0.000000    
  136.6000      0.1034367E-01  0.1034367E-01   0.000000       0.000000    
  136.8000      0.9714982E-02  0.9714982E-02   0.000000       0.000000    
  137.0000      0.9086293E-02  0.9086293E-02   0.000000       0.000000    
  137.2000      0.8527466E-02  0.8527466E-02   0.000000       0.000000    
  137.4000      0.7968638E-02  0.7968638E-02   0.000000       0.000000    
  137.6000      0.7443164E-02  0.7443164E-02   0.000000       0.000000    
  137.8000      0.6951044E-02  0.6951044E-02   0.000000       0.000000    
  138.0000      0.6458923E-02  0.6458923E-02   0.000000       0.000000    
  138.2000      0.6031217E-02  0.6031217E-02   0.000000       0.000000    
  138.4000      0.5603510E-02  0.5603510E-02   0.000000       0.000000    
  138.6000      0.5205292E-02  0.5205292E-02   0.000000       0.000000    
  138.8000      0.4836563E-02  0.4836563E-02   0.000000       0.000000    
  139.0000      0.4467833E-02  0.4467833E-02   0.000000       0.000000    
  139.2000      0.4153942E-02  0.4153942E-02   0.000000       0.000000    
  139.4000      0.3840051E-02  0.3840051E-02   0.000000       0.000000    
  139.6000      0.3549978E-02  0.3549978E-02   0.000000       0.000000    
  139.8000      0.3283724E-02  0.3283724E-02   0.000000       0.000000    
  140.0000      0.3017471E-02  0.3017471E-02   0.000000       0.000000    
  140.2000      0.2793917E-02  0.2793917E-02   0.000000       0.000000    
  140.4000      0.2570362E-02  0.2570362E-02   0.000000       0.000000    
  140.6000      0.2364515E-02  0.2364515E-02   0.000000       0.000000    
  140.8000      0.2176376E-02  0.2176376E-02   0.000000       0.000000    
  141.0000      0.1988236E-02  0.1988236E-02   0.000000       0.000000    
  141.2000      0.1830877E-02  0.1830877E-02   0.000000       0.000000    
  141.4000      0.1673517E-02  0.1673517E-02   0.000000       0.000000    
  141.6000      0.1528406E-02  0.1528406E-02   0.000000       0.000000    
  141.8000      0.1395544E-02  0.1395544E-02   0.000000       0.000000    
  142.0000      0.1262681E-02  0.1262681E-02   0.000000       0.000000    
  142.2000      0.1150467E-02  0.1150467E-02   0.000000       0.000000    
  142.4000      0.1038253E-02  0.1038253E-02   0.000000       0.000000    
  142.6000      0.9338477E-03  0.9338477E-03   0.000000       0.000000    
  142.8000      0.8372504E-03  0.8372504E-03   0.000000       0.000000    
  143.0000      0.7406530E-03  0.7406530E-03   0.000000       0.000000    
  143.2000      0.6566034E-03  0.6566034E-03   0.000000       0.000000    
  143.4000      0.5725540E-03  0.5725540E-03   0.000000       0.000000    
  143.6000      0.4927759E-03  0.4927759E-03   0.000000       0.000000    
  143.8000      0.4172695E-03  0.4172695E-03   0.000000       0.000000    
  144.0000      0.3417630E-03  0.3417630E-03   0.000000       0.000000    
  144.2000      0.2729805E-03  0.2729805E-03   0.000000       0.000000    
  144.4000      0.2041981E-03  0.2041981E-03   0.000000       0.000000    
  144.6000      0.1358455E-03  0.1358455E-03   0.000000       0.000000    
  144.8000      0.6792279E-04  0.6792279E-04   0.000000       0.000000    
  145.0000      0.2530320E-10  0.2530320E-10   0.000000       0.000000    
  180.2000     -0.7830283E-04 -0.7830283E-04   0.000000       0.000000    
  180.4000     -0.8052125E-04 -0.8052125E-04   0.000000       0.000000    
  180.6000     -0.8491467E-04 -0.8491467E-04   0.000000       0.000000    
  180.8000     -0.9033837E-04 -0.9033837E-04   0.000000       0.000000    
  181.0000     -0.9572287E-04 -0.9572287E-04   0.000000       0.000000    
  181.2000     -0.1010368E-03 -0.1010368E-03   0.000000       0.000000    
  181.4000     -0.1064152E-03 -0.1064152E-03   0.000000       0.000000    
  181.6000     -0.1135338E-03 -0.1135338E-03   0.000000       0.000000    
  181.8000     -0.1206524E-03 -0.1206524E-03   0.000000       0.000000    
  182.0000     -0.1295236E-03 -0.1295236E-03   0.000000       0.000000    
  182.2000     -0.1390960E-03 -0.1390960E-03   0.000000       0.000000    
  182.4000     -0.1498961E-03 -0.1498961E-03   0.000000       0.000000    
  182.6000     -0.1625937E-03 -0.1625937E-03   0.000000       0.000000    
  182.8000     -0.1755609E-03 -0.1755609E-03   0.000000       0.000000    
  183.0000     -0.1920328E-03 -0.1920328E-03   0.000000       0.000000    
  183.2000     -0.2085047E-03 -0.2085047E-03   0.000000       0.000000    
  183.4000     -0.2285164E-03 -0.2285164E-03   0.000000       0.000000    
  183.6000     -0.2497080E-03 -0.2497080E-03   0.000000       0.000000    
  183.8000     -0.2733303E-03 -0.2733303E-03   0.000000       0.000000    
  184.0000     -0.3001937E-03 -0.3001937E-03   0.000000       0.000000    
  184.2000     -0.3278139E-03 -0.3278139E-03   0.000000       0.000000    
  184.4000     -0.3617405E-03 -0.3617405E-03   0.000000       0.000000    
  184.6000     -0.3956670E-03 -0.3956670E-03   0.000000       0.000000    
  184.8000     -0.4365591E-03 -0.4365591E-03   0.000000       0.000000    
  185.0000     -0.4793507E-03 -0.4793507E-03   0.000000       0.000000    
  185.2000     -0.5271564E-03 -0.5271564E-03   0.000000       0.000000    
  185.4000     -0.5807474E-03 -0.5807474E-03   0.000000       0.000000    
  185.6000     -0.6363072E-03 -0.6363072E-03   0.000000       0.000000    
  185.8000     -0.7036803E-03 -0.7036803E-03   0.000000       0.000000    
  186.0000     -0.7710536E-03 -0.7710536E-03   0.000000       0.000000    
  186.2000     -0.8522414E-03 -0.8522414E-03   0.000000       0.000000    
  186.4000     -0.9364324E-03 -0.9364324E-03   0.000000       0.000000    
  186.6000     -0.1031235E-02 -0.1031235E-02   0.000000       0.000000    
  186.8000     -0.1136650E-02 -0.1136650E-02   0.000000       0.000000    
  187.0000     -0.1246862E-02 -0.1246862E-02   0.000000       0.000000    
  187.2000     -0.1379141E-02 -0.1379141E-02   0.000000       0.000000    
  187.4000     -0.1511421E-02 -0.1511421E-02   0.000000       0.000000    
  187.6000     -0.1671872E-02 -0.1671872E-02   0.000000       0.000000    
  187.8000     -0.1837019E-02 -0.1837019E-02   0.000000       0.000000    
  188.0000     -0.2024709E-02 -0.2024709E-02   0.000000       0.000000    
  188.2000     -0.2231937E-02 -0.2231937E-02   0.000000       0.000000    
  188.4000     -0.2450187E-02 -0.2450187E-02   0.000000       0.000000    
  188.6000     -0.2708849E-02 -0.2708849E-02   0.000000       0.000000    
  188.8000     -0.2967512E-02 -0.2967512E-02   0.000000       0.000000    
  189.0000     -0.3284195E-02 -0.3284195E-02   0.000000       0.000000    
  189.2000     -0.3607840E-02 -0.3607840E-02   0.000000       0.000000    
  189.4000     -0.3978536E-02 -0.3978536E-02   0.000000       0.000000    
  189.6000     -0.4384520E-02 -0.4384520E-02   0.000000       0.000000    
  189.8000     -0.4815695E-02 -0.4815695E-02   0.000000       0.000000    
  190.0000     -0.5322447E-02 -0.5322447E-02   0.000000       0.000000    
  190.2000     -0.5829199E-02 -0.5829199E-02   0.000000       0.000000    
  190.4000     -0.6455790E-02 -0.6455790E-02   0.000000       0.000000    
  190.6000     -0.7091600E-02 -0.7091600E-02   0.000000       0.000000    
  190.8000     -0.7823164E-02 -0.7823164E-02   0.000000       0.000000    
  191.0000     -0.8616685E-02 -0.8616685E-02   0.000000       0.000000    
  191.2000     -0.9467088E-02 -0.9467088E-02   0.000000       0.000000    
  191.4000     -0.1045969E-01 -0.1045969E-01   0.000000       0.000000    
  191.6000     -0.1145230E-01 -0.1145230E-01   0.000000       0.000000    
  191.8000     -0.1268781E-01 -0.1268781E-01   0.000000       0.000000    
  192.0000     -0.1393232E-01 -0.1393232E-01   0.000000       0.000000    
  192.2000     -0.1537455E-01 -0.1537455E-01   0.000000       0.000000    
  192.4000     -0.1692662E-01 -0.1692662E-01   0.000000       0.000000    
  192.6000     -0.1860493E-01 -0.1860493E-01   0.000000       0.000000    
  192.8000     -0.2054972E-01 -0.2054972E-01   0.000000       0.000000    
  193.0000     -0.2249452E-01 -0.2249452E-01   0.000000       0.000000    
  193.2000     -0.2491789E-01 -0.2491789E-01   0.000000       0.000000    
  193.4000     -0.2734125E-01 -0.2734125E-01   0.000000       0.000000    
  193.6000     -0.3017373E-01 -0.3017373E-01   0.000000       0.000000    
  193.8000     -0.3320000E-01 -0.3320000E-01   0.000000       0.000000    
  194.0000     -0.3649950E-01 -0.3649950E-01   0.000000       0.000000    
  194.2000     -0.4029082E-01 -0.4029082E-01   0.000000       0.000000    
  194.4000     -0.4411574E-01 -0.4411574E-01   0.000000       0.000000    
  194.6000     -0.4884826E-01 -0.4884826E-01   0.000000       0.000000    
  194.8000     -0.5358078E-01 -0.5358078E-01   0.000000       0.000000    
  195.0000     -0.5919061E-01 -0.5919061E-01   0.000000       0.000000    
  195.2000     -0.6515136E-01 -0.6515136E-01   0.000000       0.000000    
  195.4000     -0.7171609E-01 -0.7171609E-01   0.000000       0.000000    
  195.6000     -0.7921422E-01 -0.7921422E-01   0.000000       0.000000    
  195.8000     -0.8685606E-01 -0.8685606E-01   0.000000       0.000000    
  196.0000     -0.9636615E-01 -0.9636615E-01   0.000000       0.000000    
  196.2000     -0.1058762     -0.1058762       0.000000       0.000000    
  196.4000     -0.1173706     -0.1173706       0.000000       0.000000    
  196.6000     -0.1295264     -0.1295264       0.000000       0.000000    
  196.8000     -0.1430915     -0.1430915       0.000000       0.000000    
  197.0000     -0.1585358     -0.1585358       0.000000       0.000000    
  197.2000     -0.1744259     -0.1744259       0.000000       0.000000    
  197.4000     -0.1940313     -0.1940313       0.000000       0.000000    
  197.6000     -0.2136367     -0.2136367       0.000000       0.000000    
  197.8000     -0.2370094     -0.2370094       0.000000       0.000000    
  198.0000     -0.2614095     -0.2614095       0.000000       0.000000    
  198.2000     -0.2882861     -0.2882861       0.000000       0.000000    
  198.4000     -0.3180204     -0.3180204       0.000000       0.000000    
  198.6000     -0.3485253     -0.3485253       0.000000       0.000000    
  198.8000     -0.3836545     -0.3836545       0.000000       0.000000    
  199.0000     -0.4187837     -0.4187837       0.000000       0.000000    
  199.2000     -0.4579662     -0.4579662       0.000000       0.000000    
  199.4000     -0.4980298     -0.4980298       0.000000       0.000000    
  199.6000     -0.5387871     -0.5387871       0.000000       0.000000    
  199.8000     -0.5802378     -0.5802378       0.000000       0.000000    
  200.0000     -0.6268457     -0.6268457       0.000000       0.000000    
ENDDATA
ENDFILE
