HEADINGS
 NPRINT= 1000  Z from  0.000000     to  200.0000    
 PRINTED AT R1=0,  R2=  0.000000      WT=   180.000degrees

SOLID

MARKERSIZE 0.06
ylabel
MV/m

ABSCISSA 1
ORDINATE  2   3   4   5


TITLES
Z
Ez(0,Z)
Ez(R2,Z)
Er(R2,Z)
Bphi(R2,Z)
ENDTITLES

AXIS_LABELS
Z
Ez(0,Z)
Ez(R2,Z)
Er(R2,Z)
Bphi(R2,Z)
ENDLABELS

CURVE_LABELS
Z
Ez(0,Z)
Ez(R2,Z)
Er(R2,Z)
Bphi(R2,Z)
ENDLABELS


DATA
;      Z      EZ(0,Z)     EZ(R2,Z)    ER(R2,Z)    Bphi(R2,Z) 
  75.20000     -0.2719540E-03 -0.2719540E-03   0.000000       0.000000    
  75.40000     -0.5439082E-03 -0.5439082E-03   0.000000       0.000000    
  75.60000     -0.8220738E-03 -0.8220738E-03   0.000000       0.000000    
  75.80000     -0.1106451E-02 -0.1106451E-02   0.000000       0.000000    
  76.00000     -0.1390828E-02 -0.1390828E-02   0.000000       0.000000    
  76.20000     -0.1697295E-02 -0.1697295E-02   0.000000       0.000000    
  76.40000     -0.2003762E-02 -0.2003762E-02   0.000000       0.000000    
  76.60000     -0.2328842E-02 -0.2328842E-02   0.000000       0.000000    
  76.80000     -0.2672535E-02 -0.2672535E-02   0.000000       0.000000    
  77.00000     -0.3016228E-02 -0.3016228E-02   0.000000       0.000000    
  77.20000     -0.3408364E-02 -0.3408364E-02   0.000000       0.000000    
  77.40000     -0.3800500E-02 -0.3800500E-02   0.000000       0.000000    
  77.60000     -0.4226106E-02 -0.4226106E-02   0.000000       0.000000    
  77.80000     -0.4685182E-02 -0.4685182E-02   0.000000       0.000000    
  78.00000     -0.5144258E-02 -0.5144258E-02   0.000000       0.000000    
  78.20000     -0.5684340E-02 -0.5684340E-02   0.000000       0.000000    
  78.40000     -0.6224422E-02 -0.6224422E-02   0.000000       0.000000    
  78.60000     -0.6816725E-02 -0.6816725E-02   0.000000       0.000000    
  78.80000     -0.7461248E-02 -0.7461248E-02   0.000000       0.000000    
  79.00000     -0.8105772E-02 -0.8105772E-02   0.000000       0.000000    
  79.20000     -0.8872403E-02 -0.8872403E-02   0.000000       0.000000    
  79.40000     -0.9639034E-02 -0.9639034E-02   0.000000       0.000000    
  79.60000     -0.1048111E-01 -0.1048111E-01   0.000000       0.000000    
  79.80000     -0.1139864E-01 -0.1139864E-01   0.000000       0.000000    
  80.00000     -0.1231616E-01 -0.1231616E-01   0.000000       0.000000    
  80.20000     -0.1340531E-01 -0.1340531E-01   0.000000       0.000000    
  80.40000     -0.1449445E-01 -0.1449445E-01   0.000000       0.000000    
  80.60000     -0.1568535E-01 -0.1568535E-01   0.000000       0.000000    
  80.80000     -0.1697802E-01 -0.1697802E-01   0.000000       0.000000    
  81.00000     -0.1827068E-01 -0.1827068E-01   0.000000       0.000000    
  81.20000     -0.1978774E-01 -0.1978774E-01   0.000000       0.000000    
  81.40000     -0.2130480E-01 -0.2130480E-01   0.000000       0.000000    
  81.60000     -0.2294865E-01 -0.2294865E-01   0.000000       0.000000    
  81.80000     -0.2471931E-01 -0.2471931E-01   0.000000       0.000000    
  82.00000     -0.2648996E-01 -0.2648996E-01   0.000000       0.000000    
  82.20000     -0.2853022E-01 -0.2853022E-01   0.000000       0.000000    
  82.40000     -0.3057048E-01 -0.3057048E-01   0.000000       0.000000    
  82.60000     -0.3275564E-01 -0.3275564E-01   0.000000       0.000000    
  82.80000     -0.3508570E-01 -0.3508570E-01   0.000000       0.000000    
  83.00000     -0.3741576E-01 -0.3741576E-01   0.000000       0.000000    
  83.20000     -0.4004406E-01 -0.4004406E-01   0.000000       0.000000    
  83.40000     -0.4267236E-01 -0.4267236E-01   0.000000       0.000000    
  83.60000     -0.4545641E-01 -0.4545641E-01   0.000000       0.000000    
  83.80000     -0.4839621E-01 -0.4839621E-01   0.000000       0.000000    
  84.00000     -0.5133602E-01 -0.5133602E-01   0.000000       0.000000    
  84.20000     -0.5459442E-01 -0.5459442E-01   0.000000       0.000000    
  84.40000     -0.5785281E-01 -0.5785281E-01   0.000000       0.000000    
  84.60000     -0.6128149E-01 -0.6128149E-01   0.000000       0.000000    
  84.80000     -0.6488048E-01 -0.6488048E-01   0.000000       0.000000    
  85.00000     -0.6847946E-01 -0.6847946E-01   0.000000       0.000000    
  85.20000     -0.7243840E-01 -0.7243840E-01   0.000000       0.000000    
  85.40000     -0.7639737E-01 -0.7639737E-01   0.000000       0.000000    
  85.60000     -0.8056086E-01 -0.8056086E-01   0.000000       0.000000    
  85.80000     -0.8492887E-01 -0.8492887E-01   0.000000       0.000000    
  86.00000     -0.8929689E-01 -0.8929689E-01   0.000000       0.000000    
  86.20000     -0.9411530E-01 -0.9411530E-01   0.000000       0.000000    
  86.40000     -0.9893371E-01 -0.9893371E-01   0.000000       0.000000    
  86.60000     -0.1040186     -0.1040186       0.000000       0.000000    
  86.80000     -0.1093698     -0.1093698       0.000000       0.000000    
  87.00000     -0.1147211     -0.1147211       0.000000       0.000000    
  87.20000     -0.1206680     -0.1206680       0.000000       0.000000    
  87.40000     -0.1266149     -0.1266149       0.000000       0.000000    
  87.60000     -0.1329148     -0.1329148       0.000000       0.000000    
  87.80000     -0.1395679     -0.1395679       0.000000       0.000000    
  88.00000     -0.1462209     -0.1462209       0.000000       0.000000    
  88.20000     -0.1536585     -0.1536585       0.000000       0.000000    
  88.40000     -0.1610961     -0.1610961       0.000000       0.000000    
  88.60000     -0.1689912     -0.1689912       0.000000       0.000000    
  88.80000     -0.1773438     -0.1773438       0.000000       0.000000    
  89.00000     -0.1856963     -0.1856963       0.000000       0.000000    
  89.20000     -0.1950521     -0.1950521       0.000000       0.000000    
  89.40000     -0.2044079     -0.2044079       0.000000       0.000000    
  89.60000     -0.2143368     -0.2143368       0.000000       0.000000    
  89.80000     -0.2248388     -0.2248388       0.000000       0.000000    
  90.00000     -0.2353408     -0.2353408       0.000000       0.000000    
  90.20000     -0.2470813     -0.2470813       0.000000       0.000000    
  90.40000     -0.2588217     -0.2588217       0.000000       0.000000    
  90.60000     -0.2712545     -0.2712545       0.000000       0.000000    
  90.80000     -0.2843799     -0.2843799       0.000000       0.000000    
  91.00000     -0.2975052     -0.2975052       0.000000       0.000000    
  91.20000     -0.3121030     -0.3121030       0.000000       0.000000    
  91.40000     -0.3267008     -0.3267008       0.000000       0.000000    
  91.60000     -0.3421021     -0.3421021       0.000000       0.000000    
  91.80000     -0.3583068     -0.3583068       0.000000       0.000000    
  92.00000     -0.3745116     -0.3745116       0.000000       0.000000    
  92.20000     -0.3923917     -0.3923917       0.000000       0.000000    
  92.40000     -0.4102718     -0.4102718       0.000000       0.000000    
  92.60000     -0.4290385     -0.4290385       0.000000       0.000000    
  92.80000     -0.4486918     -0.4486918       0.000000       0.000000    
  93.00000     -0.4683450     -0.4683450       0.000000       0.000000    
  93.20000     -0.4897994     -0.4897994       0.000000       0.000000    
  93.40000     -0.5112538     -0.5112538       0.000000       0.000000    
  93.60000     -0.5336226     -0.5336226       0.000000       0.000000    
  93.80000     -0.5569057     -0.5569057       0.000000       0.000000    
  94.00000     -0.5801888     -0.5801888       0.000000       0.000000    
  94.20000     -0.6052631     -0.6052631       0.000000       0.000000    
  94.40000     -0.6303374     -0.6303374       0.000000       0.000000    
  94.60000     -0.6562691     -0.6562691       0.000000       0.000000    
  94.80000     -0.6830580     -0.6830580       0.000000       0.000000    
  95.00000     -0.7098470     -0.7098470       0.000000       0.000000    
  95.20000     -0.7382267     -0.7382267       0.000000       0.000000    
  95.40000     -0.7666065     -0.7666065       0.000000       0.000000    
  95.60000     -0.7956816     -0.7956816       0.000000       0.000000    
  95.80000     -0.8254521     -0.8254521       0.000000       0.000000    
  96.00000     -0.8552226     -0.8552226       0.000000       0.000000    
  96.20000     -0.8861696     -0.8861696       0.000000       0.000000    
  96.40000     -0.9171163     -0.9171163       0.000000       0.000000    
  96.60000     -0.9484953     -0.9484953       0.000000       0.000000    
  96.80000     -0.9803064     -0.9803064       0.000000       0.000000    
  97.00000      -1.012117      -1.012117       0.000000       0.000000    
  97.20000      -1.044509      -1.044509       0.000000       0.000000    
  97.40000      -1.076901      -1.076901       0.000000       0.000000    
  97.60000      -1.109394      -1.109394       0.000000       0.000000    
  97.80000      -1.141990      -1.141990       0.000000       0.000000    
  98.00000      -1.174585      -1.174585       0.000000       0.000000    
  98.20000      -1.207076      -1.207076       0.000000       0.000000    
  98.40000      -1.239567      -1.239567       0.000000       0.000000    
  98.60000      -1.271820      -1.271820       0.000000       0.000000    
  98.80000      -1.303834      -1.303834       0.000000       0.000000    
  99.00000      -1.335849      -1.335849       0.000000       0.000000    
  99.20000      -1.367106      -1.367106       0.000000       0.000000    
  99.40000      -1.398363      -1.398363       0.000000       0.000000    
  99.60000      -1.429090      -1.429090       0.000000       0.000000    
  99.80000      -1.459287      -1.459287       0.000000       0.000000    
  100.0000      -1.489484      -1.489484       0.000000       0.000000    
  100.2000      -1.518406      -1.518406       0.000000       0.000000    
  100.4000      -1.547328      -1.547328       0.000000       0.000000    
  100.6000      -1.575513      -1.575513       0.000000       0.000000    
  100.8000      -1.602962      -1.602962       0.000000       0.000000    
  101.0000      -1.630412      -1.630412       0.000000       0.000000    
  101.2000      -1.656255      -1.656255       0.000000       0.000000    
  101.4000      -1.682098      -1.682098       0.000000       0.000000    
  101.6000      -1.707092      -1.707092       0.000000       0.000000    
  101.8000      -1.731239      -1.731239       0.000000       0.000000    
  102.0000      -1.755385      -1.755385       0.000000       0.000000    
  102.2000      -1.777775      -1.777775       0.000000       0.000000    
  102.4000      -1.800164      -1.800164       0.000000       0.000000    
  102.6000      -1.821672      -1.821672       0.000000       0.000000    
  102.8000      -1.842300      -1.842300       0.000000       0.000000    
  103.0000      -1.862927      -1.862927       0.000000       0.000000    
  103.2000      -1.881785      -1.881785       0.000000       0.000000    
  103.4000      -1.900643      -1.900643       0.000000       0.000000    
  103.6000      -1.918640      -1.918640       0.000000       0.000000    
  103.8000      -1.935777      -1.935777       0.000000       0.000000    
  104.0000      -1.952914      -1.952914       0.000000       0.000000    
  104.2000      -1.968354      -1.968354       0.000000       0.000000    
  104.4000      -1.983795      -1.983795       0.000000       0.000000    
  104.6000      -1.998424      -1.998424       0.000000       0.000000    
  104.8000      -2.012240      -2.012240       0.000000       0.000000    
  105.0000      -2.026057      -2.026057       0.000000       0.000000    
  105.2000      -2.038288      -2.038288       0.000000       0.000000    
  105.4000      -2.050519      -2.050519       0.000000       0.000000    
  105.6000      -2.061996      -2.061996       0.000000       0.000000    
  105.8000      -2.072717      -2.072717       0.000000       0.000000    
  106.0000      -2.083439      -2.083439       0.000000       0.000000    
  106.2000      -2.092690      -2.092690       0.000000       0.000000    
  106.4000      -2.101941      -2.101941       0.000000       0.000000    
  106.6000      -2.110490      -2.110490       0.000000       0.000000    
  106.8000      -2.118337      -2.118337       0.000000       0.000000    
  107.0000      -2.126184      -2.126184       0.000000       0.000000    
  107.2000      -2.132659      -2.132659       0.000000       0.000000    
  107.4000      -2.139135      -2.139135       0.000000       0.000000    
  107.6000      -2.144951      -2.144951       0.000000       0.000000    
  107.8000      -2.150105      -2.150105       0.000000       0.000000    
  108.0000      -2.155261      -2.155261       0.000000       0.000000    
  108.2000      -2.159118      -2.159118       0.000000       0.000000    
  108.4000      -2.162975      -2.162975       0.000000       0.000000    
  108.6000      -2.166198      -2.166198       0.000000       0.000000    
  108.8000      -2.168788      -2.168788       0.000000       0.000000    
  109.0000      -2.171378      -2.171378       0.000000       0.000000    
  109.2000      -2.172712      -2.172712       0.000000       0.000000    
  109.4000      -2.174046      -2.174046       0.000000       0.000000    
  109.6000      -2.174757      -2.174757       0.000000       0.000000    
  109.8000      -2.174846      -2.174846       0.000000       0.000000    
  110.0000      -2.174934      -2.174934       0.000000       0.000000    
  110.2000      -2.173777      -2.173777       0.000000       0.000000    
  110.4000      -2.172620      -2.172620       0.000000       0.000000    
  110.6000      -2.170834      -2.170834       0.000000       0.000000    
  110.8000      -2.168419      -2.168419       0.000000       0.000000    
  111.0000      -2.166005      -2.166005       0.000000       0.000000    
  111.2000      -2.162321      -2.162321       0.000000       0.000000    
  111.4000      -2.158637      -2.158637       0.000000       0.000000    
  111.6000      -2.154302      -2.154302       0.000000       0.000000    
  111.8000      -2.149316      -2.149316       0.000000       0.000000    
  112.0000      -2.144331      -2.144331       0.000000       0.000000    
  112.2000      -2.138019      -2.138019       0.000000       0.000000    
  112.4000      -2.131708      -2.131708       0.000000       0.000000    
  112.6000      -2.124708      -2.124708       0.000000       0.000000    
  112.8000      -2.117018      -2.117018       0.000000       0.000000    
  113.0000      -2.109329      -2.109329       0.000000       0.000000    
  113.2000      -2.100227      -2.100227       0.000000       0.000000    
  113.4000      -2.091125      -2.091125       0.000000       0.000000    
  113.6000      -2.081283      -2.081283       0.000000       0.000000    
  113.8000      -2.070699      -2.070699       0.000000       0.000000    
  114.0000      -2.060116      -2.060116       0.000000       0.000000    
  114.2000      -2.048009      -2.048009       0.000000       0.000000    
  114.4000      -2.035902      -2.035902       0.000000       0.000000    
  114.6000      -2.022994      -2.022994       0.000000       0.000000    
  114.8000      -2.009284      -2.009284       0.000000       0.000000    
  115.0000      -1.995573      -1.995573       0.000000       0.000000    
  115.2000      -1.980219      -1.980219       0.000000       0.000000    
  115.4000      -1.964864      -1.964864       0.000000       0.000000    
  115.6000      -1.948648      -1.948648       0.000000       0.000000    
  115.8000      -1.931572      -1.931572       0.000000       0.000000    
  116.0000      -1.914495      -1.914495       0.000000       0.000000    
  116.2000      -1.895668      -1.895668       0.000000       0.000000    
  116.4000      -1.876841      -1.876841       0.000000       0.000000    
  116.6000      -1.857112      -1.857112       0.000000       0.000000    
  116.8000      -1.836482      -1.836482       0.000000       0.000000    
  117.0000      -1.815851      -1.815851       0.000000       0.000000    
  117.2000      -1.793419      -1.793419       0.000000       0.000000    
  117.4000      -1.770987      -1.770987       0.000000       0.000000    
  117.6000      -1.747655      -1.747655       0.000000       0.000000    
  117.8000      -1.723424      -1.723424       0.000000       0.000000    
  118.0000      -1.699193      -1.699193       0.000000       0.000000    
  118.2000      -1.673219      -1.673219       0.000000       0.000000    
  118.4000      -1.647245      -1.647245       0.000000       0.000000    
  118.6000      -1.620444      -1.620444       0.000000       0.000000    
  118.8000      -1.592817      -1.592817       0.000000       0.000000    
  119.0000      -1.565190      -1.565190       0.000000       0.000000    
  119.2000      -1.536043      -1.536043       0.000000       0.000000    
  119.4000      -1.506895      -1.506895       0.000000       0.000000    
  119.6000      -1.477087      -1.477087       0.000000       0.000000    
  119.8000      -1.446621      -1.446621       0.000000       0.000000    
  120.0000      -1.416155      -1.416155       0.000000       0.000000    
  120.2000      -1.384587      -1.384587       0.000000       0.000000    
  120.4000      -1.353019      -1.353019       0.000000       0.000000    
  120.6000      -1.321057      -1.321057       0.000000       0.000000    
  120.8000      -1.288701      -1.288701       0.000000       0.000000    
  121.0000      -1.256345      -1.256345       0.000000       0.000000    
  121.2000      -1.223488      -1.223488       0.000000       0.000000    
  121.4000      -1.190631      -1.190631       0.000000       0.000000    
  121.6000      -1.157717      -1.157717       0.000000       0.000000    
  121.8000      -1.124746      -1.124746       0.000000       0.000000    
  122.0000      -1.091774      -1.091774       0.000000       0.000000    
  122.2000      -1.059006      -1.059006       0.000000       0.000000    
  122.4000      -1.026239      -1.026239       0.000000       0.000000    
  122.6000     -0.9937682     -0.9937682       0.000000       0.000000    
  122.8000     -0.9615947     -0.9615947       0.000000       0.000000    
  123.0000     -0.9294213     -0.9294213       0.000000       0.000000    
  123.2000     -0.8981369     -0.8981369       0.000000       0.000000    
  123.4000     -0.8668524     -0.8668524       0.000000       0.000000    
  123.6000     -0.8361729     -0.8361729       0.000000       0.000000    
  123.8000     -0.8060983     -0.8060983       0.000000       0.000000    
  124.0000     -0.7760237     -0.7760237       0.000000       0.000000    
  124.2000     -0.7473828     -0.7473828       0.000000       0.000000    
  124.4000     -0.7187418     -0.7187418       0.000000       0.000000    
  124.6000     -0.6909183     -0.6909183       0.000000       0.000000    
  124.8000     -0.6639123     -0.6639123       0.000000       0.000000    
  125.0000     -0.6369063     -0.6369063       0.000000       0.000000    
  125.2000     -0.6116648     -0.6116648       0.000000       0.000000    
  125.4000     -0.5864234     -0.5864234       0.000000       0.000000    
  125.6000     -0.5621000     -0.5621000       0.000000       0.000000    
  125.8000     -0.5386944     -0.5386944       0.000000       0.000000    
  126.0000     -0.5152889     -0.5152889       0.000000       0.000000    
  126.2000     -0.4937591     -0.4937591       0.000000       0.000000    
  126.4000     -0.4722293     -0.4722293       0.000000       0.000000    
  126.6000     -0.4516191     -0.4516191       0.000000       0.000000    
  126.8000     -0.4319287     -0.4319287       0.000000       0.000000    
  127.0000     -0.4122382     -0.4122382       0.000000       0.000000    
  127.2000     -0.3943591     -0.3943591       0.000000       0.000000    
  127.4000     -0.3764800     -0.3764800       0.000000       0.000000    
  127.6000     -0.3594532     -0.3594532       0.000000       0.000000    
  127.8000     -0.3432786     -0.3432786       0.000000       0.000000    
  128.0000     -0.3271041     -0.3271041       0.000000       0.000000    
  128.2000     -0.3125653     -0.3125653       0.000000       0.000000    
  128.4000     -0.2980264     -0.2980264       0.000000       0.000000    
  128.6000     -0.2842346     -0.2842346       0.000000       0.000000    
  128.8000     -0.2711899     -0.2711899       0.000000       0.000000    
  129.0000     -0.2581451     -0.2581451       0.000000       0.000000    
  129.2000     -0.2465072     -0.2465072       0.000000       0.000000    
  129.4000     -0.2348693     -0.2348693       0.000000       0.000000    
  129.6000     -0.2238597     -0.2238597       0.000000       0.000000    
  129.8000     -0.2134784     -0.2134784       0.000000       0.000000    
  130.0000     -0.2030970     -0.2030970       0.000000       0.000000    
  130.2000     -0.1938815     -0.1938815       0.000000       0.000000    
  130.4000     -0.1846660     -0.1846660       0.000000       0.000000    
  130.6000     -0.1759614     -0.1759614       0.000000       0.000000    
  130.8000     -0.1677677     -0.1677677       0.000000       0.000000    
  131.0000     -0.1595741     -0.1595741       0.000000       0.000000    
  131.2000     -0.1523162     -0.1523162       0.000000       0.000000    
  131.4000     -0.1450583     -0.1450583       0.000000       0.000000    
  131.6000     -0.1382031     -0.1382031       0.000000       0.000000    
  131.8000     -0.1317506     -0.1317506       0.000000       0.000000    
  132.0000     -0.1252980     -0.1252980       0.000000       0.000000    
  132.2000     -0.1195731     -0.1195731       0.000000       0.000000    
  132.4000     -0.1138481     -0.1138481       0.000000       0.000000    
  132.6000     -0.1084303     -0.1084303       0.000000       0.000000    
  132.8000     -0.1033196     -0.1033196       0.000000       0.000000    
  133.0000     -0.9820889E-01 -0.9820889E-01   0.000000       0.000000    
  133.2000     -0.9364609E-01 -0.9364609E-01   0.000000       0.000000    
  133.4000     -0.8908329E-01 -0.8908329E-01   0.000000       0.000000    
  133.6000     -0.8474855E-01 -0.8474855E-01   0.000000       0.000000    
  133.8000     -0.8064189E-01 -0.8064189E-01   0.000000       0.000000    
  134.0000     -0.7653522E-01 -0.7653522E-01   0.000000       0.000000    
  134.2000     -0.7283424E-01 -0.7283424E-01   0.000000       0.000000    
  134.4000     -0.6913326E-01 -0.6913326E-01   0.000000       0.000000    
  134.6000     -0.6560329E-01 -0.6560329E-01   0.000000       0.000000    
  134.8000     -0.6224433E-01 -0.6224433E-01   0.000000       0.000000    
  135.0000     -0.5888536E-01 -0.5888536E-01   0.000000       0.000000    
  135.2000     -0.5583842E-01 -0.5583842E-01   0.000000       0.000000    
  135.4000     -0.5279147E-01 -0.5279147E-01   0.000000       0.000000    
  135.6000     -0.4988389E-01 -0.4988389E-01   0.000000       0.000000    
  135.8000     -0.4711566E-01 -0.4711566E-01   0.000000       0.000000    
  136.0000     -0.4434743E-01 -0.4434743E-01   0.000000       0.000000    
  136.2000     -0.4184641E-01 -0.4184641E-01   0.000000       0.000000    
  136.4000     -0.3934538E-01 -0.3934538E-01   0.000000       0.000000    
  136.6000     -0.3697131E-01 -0.3697131E-01   0.000000       0.000000    
  136.8000     -0.3472419E-01 -0.3472419E-01   0.000000       0.000000    
  137.0000     -0.3247707E-01 -0.3247707E-01   0.000000       0.000000    
  137.2000     -0.3047966E-01 -0.3047966E-01   0.000000       0.000000    
  137.4000     -0.2848224E-01 -0.2848224E-01   0.000000       0.000000    
  137.6000     -0.2660404E-01 -0.2660404E-01   0.000000       0.000000    
  137.8000     -0.2484506E-01 -0.2484506E-01   0.000000       0.000000    
  138.0000     -0.2308608E-01 -0.2308608E-01   0.000000       0.000000    
  138.2000     -0.2155733E-01 -0.2155733E-01   0.000000       0.000000    
  138.4000     -0.2002858E-01 -0.2002858E-01   0.000000       0.000000    
  138.6000     -0.1860524E-01 -0.1860524E-01   0.000000       0.000000    
  138.8000     -0.1728729E-01 -0.1728729E-01   0.000000       0.000000    
  139.0000     -0.1596934E-01 -0.1596934E-01   0.000000       0.000000    
  139.2000     -0.1484740E-01 -0.1484740E-01   0.000000       0.000000    
  139.4000     -0.1372546E-01 -0.1372546E-01   0.000000       0.000000    
  139.6000     -0.1268866E-01 -0.1268866E-01   0.000000       0.000000    
  139.8000     -0.1173699E-01 -0.1173699E-01   0.000000       0.000000    
  140.0000     -0.1078532E-01 -0.1078532E-01   0.000000       0.000000    
  140.2000     -0.9986274E-02 -0.9986274E-02   0.000000       0.000000    
  140.4000     -0.9187225E-02 -0.9187225E-02   0.000000       0.000000    
  140.6000     -0.8451467E-02 -0.8451467E-02   0.000000       0.000000    
  140.8000     -0.7779003E-02 -0.7779003E-02   0.000000       0.000000    
  141.0000     -0.7106538E-02 -0.7106538E-02   0.000000       0.000000    
  141.2000     -0.6544088E-02 -0.6544088E-02   0.000000       0.000000    
  141.4000     -0.5981639E-02 -0.5981639E-02   0.000000       0.000000    
  141.6000     -0.5462970E-02 -0.5462970E-02   0.000000       0.000000    
  141.8000     -0.4988080E-02 -0.4988080E-02   0.000000       0.000000    
  142.0000     -0.4513191E-02 -0.4513191E-02   0.000000       0.000000    
  142.2000     -0.4112106E-02 -0.4112106E-02   0.000000       0.000000    
  142.4000     -0.3711021E-02 -0.3711021E-02   0.000000       0.000000    
  142.6000     -0.3337845E-02 -0.3337845E-02   0.000000       0.000000    
  142.8000     -0.2992578E-02 -0.2992578E-02   0.000000       0.000000    
  143.0000     -0.2647310E-02 -0.2647310E-02   0.000000       0.000000    
  143.2000     -0.2346893E-02 -0.2346893E-02   0.000000       0.000000    
  143.4000     -0.2046475E-02 -0.2046475E-02   0.000000       0.000000    
  143.6000     -0.1761325E-02 -0.1761325E-02   0.000000       0.000000    
  143.8000     -0.1491443E-02 -0.1491443E-02   0.000000       0.000000    
  144.0000     -0.1221561E-02 -0.1221561E-02   0.000000       0.000000    
  144.2000     -0.9757123E-03 -0.9757123E-03   0.000000       0.000000    
  144.4000     -0.7298638E-03 -0.7298638E-03   0.000000       0.000000    
  144.6000     -0.4855517E-03 -0.4855517E-03   0.000000       0.000000    
  144.8000     -0.2427759E-03 -0.2427759E-03   0.000000       0.000000    
  145.0000     -0.9044104E-10 -0.9044104E-10   0.000000       0.000000    
  180.2000     -0.1326206E-03 -0.1326206E-03   0.000000       0.000000    
  180.4000     -0.1363779E-03 -0.1363779E-03   0.000000       0.000000    
  180.6000     -0.1438190E-03 -0.1438190E-03   0.000000       0.000000    
  180.8000     -0.1530050E-03 -0.1530050E-03   0.000000       0.000000    
  181.0000     -0.1621247E-03 -0.1621247E-03   0.000000       0.000000    
  181.2000     -0.1711249E-03 -0.1711249E-03   0.000000       0.000000    
  181.4000     -0.1802342E-03 -0.1802342E-03   0.000000       0.000000    
  181.6000     -0.1922909E-03 -0.1922909E-03   0.000000       0.000000    
  181.8000     -0.2043475E-03 -0.2043475E-03   0.000000       0.000000    
  182.0000     -0.2193727E-03 -0.2193727E-03   0.000000       0.000000    
  182.2000     -0.2355852E-03 -0.2355852E-03   0.000000       0.000000    
  182.4000     -0.2538773E-03 -0.2538773E-03   0.000000       0.000000    
  182.6000     -0.2753830E-03 -0.2753830E-03   0.000000       0.000000    
  182.8000     -0.2973454E-03 -0.2973454E-03   0.000000       0.000000    
  183.0000     -0.3252437E-03 -0.3252437E-03   0.000000       0.000000    
  183.2000     -0.3531421E-03 -0.3531421E-03   0.000000       0.000000    
  183.4000     -0.3870356E-03 -0.3870356E-03   0.000000       0.000000    
  183.6000     -0.4229275E-03 -0.4229275E-03   0.000000       0.000000    
  183.8000     -0.4629364E-03 -0.4629364E-03   0.000000       0.000000    
  184.0000     -0.5084346E-03 -0.5084346E-03   0.000000       0.000000    
  184.2000     -0.5552146E-03 -0.5552146E-03   0.000000       0.000000    
  184.4000     -0.6126756E-03 -0.6126756E-03   0.000000       0.000000    
  184.6000     -0.6701367E-03 -0.6701367E-03   0.000000       0.000000    
  184.8000     -0.7393950E-03 -0.7393950E-03   0.000000       0.000000    
  185.0000     -0.8118707E-03 -0.8118707E-03   0.000000       0.000000    
  185.2000     -0.8928386E-03 -0.8928386E-03   0.000000       0.000000    
  185.4000     -0.9836050E-03 -0.9836050E-03   0.000000       0.000000    
  185.6000     -0.1077706E-02 -0.1077706E-02   0.000000       0.000000    
  185.8000     -0.1191815E-02 -0.1191815E-02   0.000000       0.000000    
  186.0000     -0.1305924E-02 -0.1305924E-02   0.000000       0.000000    
  186.2000     -0.1443431E-02 -0.1443431E-02   0.000000       0.000000    
  186.4000     -0.1586025E-02 -0.1586025E-02   0.000000       0.000000    
  186.6000     -0.1746591E-02 -0.1746591E-02   0.000000       0.000000    
  186.8000     -0.1925131E-02 -0.1925131E-02   0.000000       0.000000    
  187.0000     -0.2111795E-02 -0.2111795E-02   0.000000       0.000000    
  187.2000     -0.2335836E-02 -0.2335836E-02   0.000000       0.000000    
  187.4000     -0.2559876E-02 -0.2559876E-02   0.000000       0.000000    
  187.6000     -0.2831630E-02 -0.2831630E-02   0.000000       0.000000    
  187.8000     -0.3111337E-02 -0.3111337E-02   0.000000       0.000000    
  188.0000     -0.3429226E-02 -0.3429226E-02   0.000000       0.000000    
  188.2000     -0.3780206E-02 -0.3780206E-02   0.000000       0.000000    
  188.4000     -0.4149853E-02 -0.4149853E-02   0.000000       0.000000    
  188.6000     -0.4587946E-02 -0.4587946E-02   0.000000       0.000000    
  188.8000     -0.5026041E-02 -0.5026041E-02   0.000000       0.000000    
  189.0000     -0.5562402E-02 -0.5562402E-02   0.000000       0.000000    
  189.2000     -0.6110556E-02 -0.6110556E-02   0.000000       0.000000    
  189.4000     -0.6738399E-02 -0.6738399E-02   0.000000       0.000000    
  189.6000     -0.7426009E-02 -0.7426009E-02   0.000000       0.000000    
  189.8000     -0.8156287E-02 -0.8156287E-02   0.000000       0.000000    
  190.0000     -0.9014566E-02 -0.9014566E-02   0.000000       0.000000    
  190.2000     -0.9872846E-02 -0.9872846E-02   0.000000       0.000000    
  190.4000     -0.1093410E-01 -0.1093410E-01   0.000000       0.000000    
  190.6000     -0.1201096E-01 -0.1201096E-01   0.000000       0.000000    
  190.8000     -0.1325000E-01 -0.1325000E-01   0.000000       0.000000    
  191.0000     -0.1459398E-01 -0.1459398E-01   0.000000       0.000000    
  191.2000     -0.1603430E-01 -0.1603430E-01   0.000000       0.000000    
  191.4000     -0.1771546E-01 -0.1771546E-01   0.000000       0.000000    
  191.6000     -0.1939663E-01 -0.1939663E-01   0.000000       0.000000    
  191.8000     -0.2148920E-01 -0.2148920E-01   0.000000       0.000000    
  192.0000     -0.2359700E-01 -0.2359700E-01   0.000000       0.000000    
  192.2000     -0.2603969E-01 -0.2603969E-01   0.000000       0.000000    
  192.4000     -0.2866842E-01 -0.2866842E-01   0.000000       0.000000    
  192.6000     -0.3151095E-01 -0.3151095E-01   0.000000       0.000000    
  192.8000     -0.3480482E-01 -0.3480482E-01   0.000000       0.000000    
  193.0000     -0.3809870E-01 -0.3809870E-01   0.000000       0.000000    
  193.2000     -0.4220313E-01 -0.4220313E-01   0.000000       0.000000    
  193.4000     -0.4630756E-01 -0.4630756E-01   0.000000       0.000000    
  193.6000     -0.5110490E-01 -0.5110490E-01   0.000000       0.000000    
  193.8000     -0.5623046E-01 -0.5623046E-01   0.000000       0.000000    
  194.0000     -0.6181878E-01 -0.6181878E-01   0.000000       0.000000    
  194.2000     -0.6824008E-01 -0.6824008E-01   0.000000       0.000000    
  194.4000     -0.7471832E-01 -0.7471832E-01   0.000000       0.000000    
  194.6000     -0.8273374E-01 -0.8273374E-01   0.000000       0.000000    
  194.8000     -0.9074914E-01 -0.9074914E-01   0.000000       0.000000    
  195.0000     -0.1002504     -0.1002504       0.000000       0.000000    
  195.2000     -0.1103461     -0.1103461       0.000000       0.000000    
  195.4000     -0.1214647     -0.1214647       0.000000       0.000000    
  195.6000     -0.1341642     -0.1341642       0.000000       0.000000    
  195.8000     -0.1471071     -0.1471071       0.000000       0.000000    
  196.0000     -0.1632142     -0.1632142       0.000000       0.000000    
  196.2000     -0.1793213     -0.1793213       0.000000       0.000000    
  196.4000     -0.1987892     -0.1987892       0.000000       0.000000    
  196.6000     -0.2193773     -0.2193773       0.000000       0.000000    
  196.8000     -0.2423524     -0.2423524       0.000000       0.000000    
  197.0000     -0.2685102     -0.2685102       0.000000       0.000000    
  197.2000     -0.2954231     -0.2954231       0.000000       0.000000    
  197.4000     -0.3286286     -0.3286286       0.000000       0.000000    
  197.6000     -0.3618340     -0.3618340       0.000000       0.000000    
  197.8000     -0.4014201     -0.4014201       0.000000       0.000000    
  198.0000     -0.4427463     -0.4427463       0.000000       0.000000    
  198.2000     -0.4882669     -0.4882669       0.000000       0.000000    
  198.4000     -0.5386274     -0.5386274       0.000000       0.000000    
  198.6000     -0.5902932     -0.5902932       0.000000       0.000000    
  198.8000     -0.6497911     -0.6497911       0.000000       0.000000    
  199.0000     -0.7092890     -0.7092890       0.000000       0.000000    
  199.2000     -0.7756520     -0.7756520       0.000000       0.000000    
  199.4000     -0.8435073     -0.8435073       0.000000       0.000000    
  199.6000     -0.9125373     -0.9125373       0.000000       0.000000    
  199.8000     -0.9827420     -0.9827420       0.000000       0.000000    
  200.0000      -1.061681      -1.061681       0.000000       0.000000    
ENDDATA
ENDFILE
