HEADINGS
 NPRINT= 1000  Z from  0.000000     to  200.0000    
 PRINTED AT R1=0,  R2=  0.000000      WT=   100.000degrees

SOLID

MARKERSIZE 0.06
ylabel
MV/m

ABSCISSA 1
ORDINATE  2   3   4   5


TITLES
Z
Ez(0,Z)
Ez(R2,Z)
Er(R2,Z)
Bphi(R2,Z)
ENDTITLES

AXIS_LABELS
Z
Ez(0,Z)
Ez(R2,Z)
Er(R2,Z)
Bphi(R2,Z)
ENDLABELS

CURVE_LABELS
Z
Ez(0,Z)
Ez(R2,Z)
Er(R2,Z)
Bphi(R2,Z)
ENDLABELS


DATA
;      Z      EZ(0,Z)     EZ(R2,Z)    ER(R2,Z)    Bphi(R2,Z) 
  75.20000     -0.3657281E-03 -0.3657281E-03   0.000000       0.000000    
  75.40000     -0.7314564E-03 -0.7314564E-03   0.000000       0.000000    
  75.60000     -0.1105538E-02 -0.1105538E-02   0.000000       0.000000    
  75.80000     -0.1487973E-02 -0.1487973E-02   0.000000       0.000000    
  76.00000     -0.1870408E-02 -0.1870408E-02   0.000000       0.000000    
  76.20000     -0.2282550E-02 -0.2282550E-02   0.000000       0.000000    
  76.40000     -0.2694692E-02 -0.2694692E-02   0.000000       0.000000    
  76.60000     -0.3131864E-02 -0.3131864E-02   0.000000       0.000000    
  76.80000     -0.3594068E-02 -0.3594068E-02   0.000000       0.000000    
  77.00000     -0.4056271E-02 -0.4056271E-02   0.000000       0.000000    
  77.20000     -0.4583622E-02 -0.4583622E-02   0.000000       0.000000    
  77.40000     -0.5110973E-02 -0.5110973E-02   0.000000       0.000000    
  77.60000     -0.5683335E-02 -0.5683335E-02   0.000000       0.000000    
  77.80000     -0.6300707E-02 -0.6300707E-02   0.000000       0.000000    
  78.00000     -0.6918080E-02 -0.6918080E-02   0.000000       0.000000    
  78.20000     -0.7644391E-02 -0.7644391E-02   0.000000       0.000000    
  78.40000     -0.8370702E-02 -0.8370702E-02   0.000000       0.000000    
  78.60000     -0.9167240E-02 -0.9167240E-02   0.000000       0.000000    
  78.80000     -0.1003401E-01 -0.1003401E-01   0.000000       0.000000    
  79.00000     -0.1090077E-01 -0.1090077E-01   0.000000       0.000000    
  79.20000     -0.1193175E-01 -0.1193175E-01   0.000000       0.000000    
  79.40000     -0.1296273E-01 -0.1296273E-01   0.000000       0.000000    
  79.60000     -0.1409517E-01 -0.1409517E-01   0.000000       0.000000    
  79.80000     -0.1532907E-01 -0.1532907E-01   0.000000       0.000000    
  80.00000     -0.1656297E-01 -0.1656297E-01   0.000000       0.000000    
  80.20000     -0.1802767E-01 -0.1802767E-01   0.000000       0.000000    
  80.40000     -0.1949237E-01 -0.1949237E-01   0.000000       0.000000    
  80.60000     -0.2109391E-01 -0.2109391E-01   0.000000       0.000000    
  80.80000     -0.2283231E-01 -0.2283231E-01   0.000000       0.000000    
  81.00000     -0.2457071E-01 -0.2457071E-01   0.000000       0.000000    
  81.20000     -0.2661087E-01 -0.2661087E-01   0.000000       0.000000    
  81.40000     -0.2865103E-01 -0.2865103E-01   0.000000       0.000000    
  81.60000     -0.3086171E-01 -0.3086171E-01   0.000000       0.000000    
  81.80000     -0.3324291E-01 -0.3324291E-01   0.000000       0.000000    
  82.00000     -0.3562412E-01 -0.3562412E-01   0.000000       0.000000    
  82.20000     -0.3836790E-01 -0.3836790E-01   0.000000       0.000000    
  82.40000     -0.4111167E-01 -0.4111167E-01   0.000000       0.000000    
  82.60000     -0.4405031E-01 -0.4405031E-01   0.000000       0.000000    
  82.80000     -0.4718381E-01 -0.4718381E-01   0.000000       0.000000    
  83.00000     -0.5031731E-01 -0.5031731E-01   0.000000       0.000000    
  83.20000     -0.5385188E-01 -0.5385188E-01   0.000000       0.000000    
  83.40000     -0.5738647E-01 -0.5738647E-01   0.000000       0.000000    
  83.60000     -0.6113051E-01 -0.6113051E-01   0.000000       0.000000    
  83.80000     -0.6508400E-01 -0.6508400E-01   0.000000       0.000000    
  84.00000     -0.6903750E-01 -0.6903750E-01   0.000000       0.000000    
  84.20000     -0.7341944E-01 -0.7341944E-01   0.000000       0.000000    
  84.40000     -0.7780138E-01 -0.7780138E-01   0.000000       0.000000    
  84.60000     -0.8241233E-01 -0.8241233E-01   0.000000       0.000000    
  84.80000     -0.8725229E-01 -0.8725229E-01   0.000000       0.000000    
  85.00000     -0.9209226E-01 -0.9209226E-01   0.000000       0.000000    
  85.20000     -0.9741632E-01 -0.9741632E-01   0.000000       0.000000    
  85.40000     -0.1027404     -0.1027404       0.000000       0.000000    
  85.60000     -0.1083395     -0.1083395       0.000000       0.000000    
  85.80000     -0.1142137     -0.1142137       0.000000       0.000000    
  86.00000     -0.1200879     -0.1200879       0.000000       0.000000    
  86.20000     -0.1265678     -0.1265678       0.000000       0.000000    
  86.40000     -0.1330476     -0.1330476       0.000000       0.000000    
  86.60000     -0.1398858     -0.1398858       0.000000       0.000000    
  86.80000     -0.1470823     -0.1470823       0.000000       0.000000    
  87.00000     -0.1542788     -0.1542788       0.000000       0.000000    
  87.20000     -0.1622762     -0.1622762       0.000000       0.000000    
  87.40000     -0.1702737     -0.1702737       0.000000       0.000000    
  87.60000     -0.1787460     -0.1787460       0.000000       0.000000    
  87.80000     -0.1876931     -0.1876931       0.000000       0.000000    
  88.00000     -0.1966402     -0.1966402       0.000000       0.000000    
  88.20000     -0.2066424     -0.2066424       0.000000       0.000000    
  88.40000     -0.2166446     -0.2166446       0.000000       0.000000    
  88.60000     -0.2272620     -0.2272620       0.000000       0.000000    
  88.80000     -0.2384947     -0.2384947       0.000000       0.000000    
  89.00000     -0.2497274     -0.2497274       0.000000       0.000000    
  89.20000     -0.2623092     -0.2623092       0.000000       0.000000    
  89.40000     -0.2748910     -0.2748910       0.000000       0.000000    
  89.60000     -0.2882436     -0.2882436       0.000000       0.000000    
  89.80000     -0.3023668     -0.3023668       0.000000       0.000000    
  90.00000     -0.3164901     -0.3164901       0.000000       0.000000    
  90.20000     -0.3322788     -0.3322788       0.000000       0.000000    
  90.40000     -0.3480675     -0.3480675       0.000000       0.000000    
  90.60000     -0.3647874     -0.3647874       0.000000       0.000000    
  90.80000     -0.3824386     -0.3824386       0.000000       0.000000    
  91.00000     -0.4000898     -0.4000898       0.000000       0.000000    
  91.20000     -0.4197211     -0.4197211       0.000000       0.000000    
  91.40000     -0.4393524     -0.4393524       0.000000       0.000000    
  91.60000     -0.4600643     -0.4600643       0.000000       0.000000    
  91.80000     -0.4818567     -0.4818567       0.000000       0.000000    
  92.00000     -0.5036491     -0.5036491       0.000000       0.000000    
  92.20000     -0.5276946     -0.5276946       0.000000       0.000000    
  92.40000     -0.5517401     -0.5517401       0.000000       0.000000    
  92.60000     -0.5769778     -0.5769778       0.000000       0.000000    
  92.80000     -0.6034079     -0.6034079       0.000000       0.000000    
  93.00000     -0.6298379     -0.6298379       0.000000       0.000000    
  93.20000     -0.6586901     -0.6586901       0.000000       0.000000    
  93.40000     -0.6875423     -0.6875423       0.000000       0.000000    
  93.60000     -0.7176241     -0.7176241       0.000000       0.000000    
  93.80000     -0.7489357     -0.7489357       0.000000       0.000000    
  94.00000     -0.7802472     -0.7802472       0.000000       0.000000    
  94.20000     -0.8139675     -0.8139675       0.000000       0.000000    
  94.40000     -0.8476878     -0.8476878       0.000000       0.000000    
  94.60000     -0.8825610     -0.8825610       0.000000       0.000000    
  94.80000     -0.9185873     -0.9185873       0.000000       0.000000    
  95.00000     -0.9546135     -0.9546135       0.000000       0.000000    
  95.20000     -0.9927790     -0.9927790       0.000000       0.000000    
  95.40000      -1.030945      -1.030945       0.000000       0.000000    
  95.60000      -1.070045      -1.070045       0.000000       0.000000    
  95.80000      -1.110081      -1.110081       0.000000       0.000000    
  96.00000      -1.150117      -1.150117       0.000000       0.000000    
  96.20000      -1.191735      -1.191735       0.000000       0.000000    
  96.40000      -1.233353      -1.233353       0.000000       0.000000    
  96.60000      -1.275552      -1.275552       0.000000       0.000000    
  96.80000      -1.318332      -1.318332       0.000000       0.000000    
  97.00000      -1.361112      -1.361112       0.000000       0.000000    
  97.20000      -1.404672      -1.404672       0.000000       0.000000    
  97.40000      -1.448233      -1.448233       0.000000       0.000000    
  97.60000      -1.491931      -1.491931       0.000000       0.000000    
  97.80000      -1.535766      -1.535766       0.000000       0.000000    
  98.00000      -1.579601      -1.579601       0.000000       0.000000    
  98.20000      -1.623295      -1.623295       0.000000       0.000000    
  98.40000      -1.666989      -1.666989       0.000000       0.000000    
  98.60000      -1.710363      -1.710363       0.000000       0.000000    
  98.80000      -1.753417      -1.753417       0.000000       0.000000    
  99.00000      -1.796471      -1.796471       0.000000       0.000000    
  99.20000      -1.838506      -1.838506       0.000000       0.000000    
  99.40000      -1.880541      -1.880541       0.000000       0.000000    
  99.60000      -1.921863      -1.921863       0.000000       0.000000    
  99.80000      -1.962472      -1.962472       0.000000       0.000000    
  100.0000      -2.003082      -2.003082       0.000000       0.000000    
  100.2000      -2.041976      -2.041976       0.000000       0.000000    
  100.4000      -2.080871      -2.080871       0.000000       0.000000    
  100.6000      -2.118775      -2.118775       0.000000       0.000000    
  100.8000      -2.155689      -2.155689       0.000000       0.000000    
  101.0000      -2.192604      -2.192604       0.000000       0.000000    
  101.2000      -2.227358      -2.227358       0.000000       0.000000    
  101.4000      -2.262112      -2.262112       0.000000       0.000000    
  101.6000      -2.295725      -2.295725       0.000000       0.000000    
  101.8000      -2.328198      -2.328198       0.000000       0.000000    
  102.0000      -2.360670      -2.360670       0.000000       0.000000    
  102.2000      -2.390780      -2.390780       0.000000       0.000000    
  102.4000      -2.420889      -2.420889       0.000000       0.000000    
  102.6000      -2.449814      -2.449814       0.000000       0.000000    
  102.8000      -2.477554      -2.477554       0.000000       0.000000    
  103.0000      -2.505294      -2.505294       0.000000       0.000000    
  103.2000      -2.530654      -2.530654       0.000000       0.000000    
  103.4000      -2.556014      -2.556014       0.000000       0.000000    
  103.6000      -2.580218      -2.580218       0.000000       0.000000    
  103.8000      -2.603264      -2.603264       0.000000       0.000000    
  104.0000      -2.626310      -2.626310       0.000000       0.000000    
  104.2000      -2.647074      -2.647074       0.000000       0.000000    
  104.4000      -2.667839      -2.667839       0.000000       0.000000    
  104.6000      -2.687512      -2.687512       0.000000       0.000000    
  104.8000      -2.706093      -2.706093       0.000000       0.000000    
  105.0000      -2.724674      -2.724674       0.000000       0.000000    
  105.2000      -2.741123      -2.741123       0.000000       0.000000    
  105.4000      -2.757571      -2.757571       0.000000       0.000000    
  105.6000      -2.773005      -2.773005       0.000000       0.000000    
  105.8000      -2.787423      -2.787423       0.000000       0.000000    
  106.0000      -2.801842      -2.801842       0.000000       0.000000    
  106.2000      -2.814282      -2.814282       0.000000       0.000000    
  106.4000      -2.826723      -2.826723       0.000000       0.000000    
  106.6000      -2.838220      -2.838220       0.000000       0.000000    
  106.8000      -2.848773      -2.848773       0.000000       0.000000    
  107.0000      -2.859325      -2.859325       0.000000       0.000000    
  107.2000      -2.868034      -2.868034       0.000000       0.000000    
  107.4000      -2.876743      -2.876743       0.000000       0.000000    
  107.6000      -2.884564      -2.884564       0.000000       0.000000    
  107.8000      -2.891496      -2.891496       0.000000       0.000000    
  108.0000      -2.898429      -2.898429       0.000000       0.000000    
  108.2000      -2.903616      -2.903616       0.000000       0.000000    
  108.4000      -2.908803      -2.908803       0.000000       0.000000    
  108.6000      -2.913138      -2.913138       0.000000       0.000000    
  108.8000      -2.916620      -2.916620       0.000000       0.000000    
  109.0000      -2.920103      -2.920103       0.000000       0.000000    
  109.2000      -2.921898      -2.921898       0.000000       0.000000    
  109.4000      -2.923692      -2.923692       0.000000       0.000000    
  109.6000      -2.924648      -2.924648       0.000000       0.000000    
  109.8000      -2.924767      -2.924767       0.000000       0.000000    
  110.0000      -2.924886      -2.924886       0.000000       0.000000    
  110.2000      -2.923330      -2.923330       0.000000       0.000000    
  110.4000      -2.921774      -2.921774       0.000000       0.000000    
  110.6000      -2.919372      -2.919372       0.000000       0.000000    
  110.8000      -2.916125      -2.916125       0.000000       0.000000    
  111.0000      -2.912878      -2.912878       0.000000       0.000000    
  111.2000      -2.907923      -2.907923       0.000000       0.000000    
  111.4000      -2.902969      -2.902969       0.000000       0.000000    
  111.6000      -2.897139      -2.897139       0.000000       0.000000    
  111.8000      -2.890435      -2.890435       0.000000       0.000000    
  112.0000      -2.883730      -2.883730       0.000000       0.000000    
  112.2000      -2.875242      -2.875242       0.000000       0.000000    
  112.4000      -2.866755      -2.866755       0.000000       0.000000    
  112.6000      -2.857341      -2.857341       0.000000       0.000000    
  112.8000      -2.847000      -2.847000       0.000000       0.000000    
  113.0000      -2.836659      -2.836659       0.000000       0.000000    
  113.2000      -2.824419      -2.824419       0.000000       0.000000    
  113.4000      -2.812179      -2.812179       0.000000       0.000000    
  113.6000      -2.798943      -2.798943       0.000000       0.000000    
  113.8000      -2.784709      -2.784709       0.000000       0.000000    
  114.0000      -2.770477      -2.770477       0.000000       0.000000    
  114.2000      -2.754195      -2.754195       0.000000       0.000000    
  114.4000      -2.737914      -2.737914       0.000000       0.000000    
  114.6000      -2.720554      -2.720554       0.000000       0.000000    
  114.8000      -2.702116      -2.702116       0.000000       0.000000    
  115.0000      -2.683679      -2.683679       0.000000       0.000000    
  115.2000      -2.663030      -2.663030       0.000000       0.000000    
  115.4000      -2.642380      -2.642380       0.000000       0.000000    
  115.6000      -2.620574      -2.620574       0.000000       0.000000    
  115.8000      -2.597609      -2.597609       0.000000       0.000000    
  116.0000      -2.574644      -2.574644       0.000000       0.000000    
  116.2000      -2.549325      -2.549325       0.000000       0.000000    
  116.4000      -2.524006      -2.524006       0.000000       0.000000    
  116.6000      -2.497474      -2.497474       0.000000       0.000000    
  116.8000      -2.469730      -2.469730       0.000000       0.000000    
  117.0000      -2.441985      -2.441985       0.000000       0.000000    
  117.2000      -2.411818      -2.411818       0.000000       0.000000    
  117.4000      -2.381651      -2.381651       0.000000       0.000000    
  117.6000      -2.350275      -2.350275       0.000000       0.000000    
  117.8000      -2.317689      -2.317689       0.000000       0.000000    
  118.0000      -2.285102      -2.285102       0.000000       0.000000    
  118.2000      -2.250172      -2.250172       0.000000       0.000000    
  118.4000      -2.215241      -2.215241       0.000000       0.000000    
  118.6000      -2.179199      -2.179199       0.000000       0.000000    
  118.8000      -2.142046      -2.142046       0.000000       0.000000    
  119.0000      -2.104893      -2.104893       0.000000       0.000000    
  119.2000      -2.065694      -2.065694       0.000000       0.000000    
  119.4000      -2.026496      -2.026496       0.000000       0.000000    
  119.6000      -1.986411      -1.986411       0.000000       0.000000    
  119.8000      -1.945439      -1.945439       0.000000       0.000000    
  120.0000      -1.904468      -1.904468       0.000000       0.000000    
  120.2000      -1.862015      -1.862015       0.000000       0.000000    
  120.4000      -1.819562      -1.819562       0.000000       0.000000    
  120.6000      -1.776579      -1.776579       0.000000       0.000000    
  120.8000      -1.733066      -1.733066       0.000000       0.000000    
  121.0000      -1.689553      -1.689553       0.000000       0.000000    
  121.2000      -1.645366      -1.645366       0.000000       0.000000    
  121.4000      -1.601180      -1.601180       0.000000       0.000000    
  121.6000      -1.556916      -1.556916       0.000000       0.000000    
  121.8000      -1.512576      -1.512576       0.000000       0.000000    
  122.0000      -1.468235      -1.468235       0.000000       0.000000    
  122.2000      -1.424169      -1.424169       0.000000       0.000000    
  122.4000      -1.380102      -1.380102       0.000000       0.000000    
  122.6000      -1.336435      -1.336435       0.000000       0.000000    
  122.8000      -1.293168      -1.293168       0.000000       0.000000    
  123.0000      -1.249901      -1.249901       0.000000       0.000000    
  123.2000      -1.207829      -1.207829       0.000000       0.000000    
  123.4000      -1.165757      -1.165757       0.000000       0.000000    
  123.6000      -1.124499      -1.124499       0.000000       0.000000    
  123.8000      -1.084054      -1.084054       0.000000       0.000000    
  124.0000      -1.043609      -1.043609       0.000000       0.000000    
  124.2000      -1.005092      -1.005092       0.000000       0.000000    
  124.4000     -0.9665754     -0.9665754       0.000000       0.000000    
  124.6000     -0.9291579     -0.9291579       0.000000       0.000000    
  124.8000     -0.8928398     -0.8928398       0.000000       0.000000    
  125.0000     -0.8565217     -0.8565217       0.000000       0.000000    
  125.2000     -0.8225766     -0.8225766       0.000000       0.000000    
  125.4000     -0.7886315     -0.7886315       0.000000       0.000000    
  125.6000     -0.7559210     -0.7559210       0.000000       0.000000    
  125.8000     -0.7244448     -0.7244448       0.000000       0.000000    
  126.0000     -0.6929687     -0.6929687       0.000000       0.000000    
  126.2000     -0.6640151     -0.6640151       0.000000       0.000000    
  126.4000     -0.6350614     -0.6350614       0.000000       0.000000    
  126.6000     -0.6073446     -0.6073446       0.000000       0.000000    
  126.8000     -0.5808645     -0.5808645       0.000000       0.000000    
  127.0000     -0.5543844     -0.5543844       0.000000       0.000000    
  127.2000     -0.5303404     -0.5303404       0.000000       0.000000    
  127.4000     -0.5062963     -0.5062963       0.000000       0.000000    
  127.6000     -0.4833984     -0.4833984       0.000000       0.000000    
  127.8000     -0.4616466     -0.4616466       0.000000       0.000000    
  128.0000     -0.4398948     -0.4398948       0.000000       0.000000    
  128.2000     -0.4203427     -0.4203427       0.000000       0.000000    
  128.4000     -0.4007907     -0.4007907       0.000000       0.000000    
  128.6000     -0.3822433     -0.3822433       0.000000       0.000000    
  128.8000     -0.3647005     -0.3647005       0.000000       0.000000    
  129.0000     -0.3471577     -0.3471577       0.000000       0.000000    
  129.2000     -0.3315068     -0.3315068       0.000000       0.000000    
  129.4000     -0.3158560     -0.3158560       0.000000       0.000000    
  129.6000     -0.3010501     -0.3010501       0.000000       0.000000    
  129.8000     -0.2870891     -0.2870891       0.000000       0.000000    
  130.0000     -0.2731281     -0.2731281       0.000000       0.000000    
  130.2000     -0.2607349     -0.2607349       0.000000       0.000000    
  130.4000     -0.2483417     -0.2483417       0.000000       0.000000    
  130.6000     -0.2366357     -0.2366357       0.000000       0.000000    
  130.8000     -0.2256167     -0.2256167       0.000000       0.000000    
  131.0000     -0.2145978     -0.2145978       0.000000       0.000000    
  131.2000     -0.2048373     -0.2048373       0.000000       0.000000    
  131.4000     -0.1950768     -0.1950768       0.000000       0.000000    
  131.6000     -0.1858577     -0.1858577       0.000000       0.000000    
  131.8000     -0.1771803     -0.1771803       0.000000       0.000000    
  132.0000     -0.1685028     -0.1685028       0.000000       0.000000    
  132.2000     -0.1608038     -0.1608038       0.000000       0.000000    
  132.4000     -0.1531048     -0.1531048       0.000000       0.000000    
  132.6000     -0.1458188     -0.1458188       0.000000       0.000000    
  132.8000     -0.1389458     -0.1389458       0.000000       0.000000    
  133.0000     -0.1320729     -0.1320729       0.000000       0.000000    
  133.2000     -0.1259367     -0.1259367       0.000000       0.000000    
  133.4000     -0.1198006     -0.1198006       0.000000       0.000000    
  133.6000     -0.1139712     -0.1139712       0.000000       0.000000    
  133.8000     -0.1084485     -0.1084485       0.000000       0.000000    
  134.0000     -0.1029258     -0.1029258       0.000000       0.000000    
  134.2000     -0.9794865E-01 -0.9794865E-01   0.000000       0.000000    
  134.4000     -0.9297151E-01 -0.9297151E-01   0.000000       0.000000    
  134.6000     -0.8822434E-01 -0.8822434E-01   0.000000       0.000000    
  134.8000     -0.8370716E-01 -0.8370716E-01   0.000000       0.000000    
  135.0000     -0.7918997E-01 -0.7918997E-01   0.000000       0.000000    
  135.2000     -0.7509239E-01 -0.7509239E-01   0.000000       0.000000    
  135.4000     -0.7099481E-01 -0.7099481E-01   0.000000       0.000000    
  135.6000     -0.6708465E-01 -0.6708465E-01   0.000000       0.000000    
  135.8000     -0.6336189E-01 -0.6336189E-01   0.000000       0.000000    
  136.0000     -0.5963913E-01 -0.5963913E-01   0.000000       0.000000    
  136.2000     -0.5627571E-01 -0.5627571E-01   0.000000       0.000000    
  136.4000     -0.5291229E-01 -0.5291229E-01   0.000000       0.000000    
  136.6000     -0.4971961E-01 -0.4971961E-01   0.000000       0.000000    
  136.8000     -0.4669764E-01 -0.4669764E-01   0.000000       0.000000    
  137.0000     -0.4367568E-01 -0.4367568E-01   0.000000       0.000000    
  137.2000     -0.4098953E-01 -0.4098953E-01   0.000000       0.000000    
  137.4000     -0.3830337E-01 -0.3830337E-01   0.000000       0.000000    
  137.6000     -0.3577754E-01 -0.3577754E-01   0.000000       0.000000    
  137.8000     -0.3341204E-01 -0.3341204E-01   0.000000       0.000000    
  138.0000     -0.3104653E-01 -0.3104653E-01   0.000000       0.000000    
  138.2000     -0.2899064E-01 -0.2899064E-01   0.000000       0.000000    
  138.4000     -0.2693476E-01 -0.2693476E-01   0.000000       0.000000    
  138.6000     -0.2502062E-01 -0.2502062E-01   0.000000       0.000000    
  138.8000     -0.2324822E-01 -0.2324822E-01   0.000000       0.000000    
  139.0000     -0.2147583E-01 -0.2147583E-01   0.000000       0.000000    
  139.2000     -0.1996702E-01 -0.1996702E-01   0.000000       0.000000    
  139.4000     -0.1845822E-01 -0.1845822E-01   0.000000       0.000000    
  139.6000     -0.1706391E-01 -0.1706391E-01   0.000000       0.000000    
  139.8000     -0.1578409E-01 -0.1578409E-01   0.000000       0.000000    
  140.0000     -0.1450427E-01 -0.1450427E-01   0.000000       0.000000    
  140.2000     -0.1342970E-01 -0.1342970E-01   0.000000       0.000000    
  140.4000     -0.1235513E-01 -0.1235513E-01   0.000000       0.000000    
  140.6000     -0.1136567E-01 -0.1136567E-01   0.000000       0.000000    
  140.8000     -0.1046133E-01 -0.1046133E-01   0.000000       0.000000    
  141.0000     -0.9556985E-02 -0.9556985E-02   0.000000       0.000000    
  141.2000     -0.8800594E-02 -0.8800594E-02   0.000000       0.000000    
  141.4000     -0.8044203E-02 -0.8044203E-02   0.000000       0.000000    
  141.6000     -0.7346689E-02 -0.7346689E-02   0.000000       0.000000    
  141.8000     -0.6708050E-02 -0.6708050E-02   0.000000       0.000000    
  142.0000     -0.6069412E-02 -0.6069412E-02   0.000000       0.000000    
  142.2000     -0.5530026E-02 -0.5530026E-02   0.000000       0.000000    
  142.4000     -0.4990640E-02 -0.4990640E-02   0.000000       0.000000    
  142.6000     -0.4488787E-02 -0.4488787E-02   0.000000       0.000000    
  142.8000     -0.4024466E-02 -0.4024466E-02   0.000000       0.000000    
  143.0000     -0.3560145E-02 -0.3560145E-02   0.000000       0.000000    
  143.2000     -0.3156139E-02 -0.3156139E-02   0.000000       0.000000    
  143.4000     -0.2752132E-02 -0.2752132E-02   0.000000       0.000000    
  143.6000     -0.2368658E-02 -0.2368658E-02   0.000000       0.000000    
  143.8000     -0.2005716E-02 -0.2005716E-02   0.000000       0.000000    
  144.0000     -0.1642774E-02 -0.1642774E-02   0.000000       0.000000    
  144.2000     -0.1312153E-02 -0.1312153E-02   0.000000       0.000000    
  144.4000     -0.9815325E-03 -0.9815325E-03   0.000000       0.000000    
  144.6000     -0.6529777E-03 -0.6529777E-03   0.000000       0.000000    
  144.8000     -0.3264889E-03 -0.3264889E-03   0.000000       0.000000    
  145.0000     -0.1216266E-09 -0.1216266E-09   0.000000       0.000000    
  180.2000     -0.3666673E-04 -0.3666673E-04   0.000000       0.000000    
  180.4000     -0.3770554E-04 -0.3770554E-04   0.000000       0.000000    
  180.6000     -0.3976284E-04 -0.3976284E-04   0.000000       0.000000    
  180.8000     -0.4230259E-04 -0.4230259E-04   0.000000       0.000000    
  181.0000     -0.4482398E-04 -0.4482398E-04   0.000000       0.000000    
  181.2000     -0.4731233E-04 -0.4731233E-04   0.000000       0.000000    
  181.4000     -0.4983086E-04 -0.4983086E-04   0.000000       0.000000    
  181.6000     -0.5316427E-04 -0.5316427E-04   0.000000       0.000000    
  181.8000     -0.5649768E-04 -0.5649768E-04   0.000000       0.000000    
  182.0000     -0.6065181E-04 -0.6065181E-04   0.000000       0.000000    
  182.2000     -0.6513423E-04 -0.6513423E-04   0.000000       0.000000    
  182.4000     -0.7019158E-04 -0.7019158E-04   0.000000       0.000000    
  182.6000     -0.7613746E-04 -0.7613746E-04   0.000000       0.000000    
  182.8000     -0.8220958E-04 -0.8220958E-04   0.000000       0.000000    
  183.0000     -0.8992287E-04 -0.8992287E-04   0.000000       0.000000    
  183.2000     -0.9763615E-04 -0.9763615E-04   0.000000       0.000000    
  183.4000     -0.1070070E-03 -0.1070070E-03   0.000000       0.000000    
  183.6000     -0.1169303E-03 -0.1169303E-03   0.000000       0.000000    
  183.8000     -0.1279919E-03 -0.1279919E-03   0.000000       0.000000    
  184.0000     -0.1405712E-03 -0.1405712E-03   0.000000       0.000000    
  184.2000     -0.1535048E-03 -0.1535048E-03   0.000000       0.000000    
  184.4000     -0.1693916E-03 -0.1693916E-03   0.000000       0.000000    
  184.6000     -0.1852783E-03 -0.1852783E-03   0.000000       0.000000    
  184.8000     -0.2044267E-03 -0.2044267E-03   0.000000       0.000000    
  185.0000     -0.2244647E-03 -0.2244647E-03   0.000000       0.000000    
  185.2000     -0.2468506E-03 -0.2468506E-03   0.000000       0.000000    
  185.4000     -0.2719455E-03 -0.2719455E-03   0.000000       0.000000    
  185.6000     -0.2979624E-03 -0.2979624E-03   0.000000       0.000000    
  185.8000     -0.3295112E-03 -0.3295112E-03   0.000000       0.000000    
  186.0000     -0.3610599E-03 -0.3610599E-03   0.000000       0.000000    
  186.2000     -0.3990776E-03 -0.3990776E-03   0.000000       0.000000    
  186.4000     -0.4385015E-03 -0.4385015E-03   0.000000       0.000000    
  186.6000     -0.4828947E-03 -0.4828947E-03   0.000000       0.000000    
  186.8000     -0.5322570E-03 -0.5322570E-03   0.000000       0.000000    
  187.0000     -0.5838658E-03 -0.5838658E-03   0.000000       0.000000    
  187.2000     -0.6458081E-03 -0.6458081E-03   0.000000       0.000000    
  187.4000     -0.7077504E-03 -0.7077504E-03   0.000000       0.000000    
  187.6000     -0.7828845E-03 -0.7828845E-03   0.000000       0.000000    
  187.8000     -0.8602174E-03 -0.8602174E-03   0.000000       0.000000    
  188.0000     -0.9481068E-03 -0.9481068E-03   0.000000       0.000000    
  188.2000     -0.1045145E-02 -0.1045145E-02   0.000000       0.000000    
  188.4000     -0.1147345E-02 -0.1147345E-02   0.000000       0.000000    
  188.6000     -0.1268468E-02 -0.1268468E-02   0.000000       0.000000    
  188.8000     -0.1389592E-02 -0.1389592E-02   0.000000       0.000000    
  189.0000     -0.1537884E-02 -0.1537884E-02   0.000000       0.000000    
  189.2000     -0.1689437E-02 -0.1689437E-02   0.000000       0.000000    
  189.4000     -0.1863022E-02 -0.1863022E-02   0.000000       0.000000    
  189.6000     -0.2053131E-02 -0.2053131E-02   0.000000       0.000000    
  189.8000     -0.2255037E-02 -0.2255037E-02   0.000000       0.000000    
  190.0000     -0.2492333E-02 -0.2492333E-02   0.000000       0.000000    
  190.2000     -0.2729628E-02 -0.2729628E-02   0.000000       0.000000    
  190.4000     -0.3023041E-02 -0.3023041E-02   0.000000       0.000000    
  190.6000     -0.3320771E-02 -0.3320771E-02   0.000000       0.000000    
  190.8000     -0.3663339E-02 -0.3663339E-02   0.000000       0.000000    
  191.0000     -0.4034920E-02 -0.4034920E-02   0.000000       0.000000    
  191.2000     -0.4433136E-02 -0.4433136E-02   0.000000       0.000000    
  191.4000     -0.4897943E-02 -0.4897943E-02   0.000000       0.000000    
  191.6000     -0.5362749E-02 -0.5362749E-02   0.000000       0.000000    
  191.8000     -0.5941298E-02 -0.5941298E-02   0.000000       0.000000    
  192.0000     -0.6524061E-02 -0.6524061E-02   0.000000       0.000000    
  192.2000     -0.7199411E-02 -0.7199411E-02   0.000000       0.000000    
  192.4000     -0.7926199E-02 -0.7926199E-02   0.000000       0.000000    
  192.6000     -0.8712096E-02 -0.8712096E-02   0.000000       0.000000    
  192.8000     -0.9622782E-02 -0.9622782E-02   0.000000       0.000000    
  193.0000     -0.1053347E-01 -0.1053347E-01   0.000000       0.000000    
  193.2000     -0.1166825E-01 -0.1166825E-01   0.000000       0.000000    
  193.4000     -0.1280304E-01 -0.1280304E-01   0.000000       0.000000    
  193.6000     -0.1412940E-01 -0.1412940E-01   0.000000       0.000000    
  193.8000     -0.1554651E-01 -0.1554651E-01   0.000000       0.000000    
  194.0000     -0.1709156E-01 -0.1709156E-01   0.000000       0.000000    
  194.2000     -0.1886691E-01 -0.1886691E-01   0.000000       0.000000    
  194.4000     -0.2065800E-01 -0.2065800E-01   0.000000       0.000000    
  194.6000     -0.2287409E-01 -0.2287409E-01   0.000000       0.000000    
  194.8000     -0.2509018E-01 -0.2509018E-01   0.000000       0.000000    
  195.0000     -0.2771708E-01 -0.2771708E-01   0.000000       0.000000    
  195.2000     -0.3050831E-01 -0.3050831E-01   0.000000       0.000000    
  195.4000     -0.3358236E-01 -0.3358236E-01   0.000000       0.000000    
  195.6000     -0.3709350E-01 -0.3709350E-01   0.000000       0.000000    
  195.8000     -0.4067193E-01 -0.4067193E-01   0.000000       0.000000    
  196.0000     -0.4512521E-01 -0.4512521E-01   0.000000       0.000000    
  196.2000     -0.4957848E-01 -0.4957848E-01   0.000000       0.000000    
  196.4000     -0.5496092E-01 -0.5496092E-01   0.000000       0.000000    
  196.6000     -0.6065308E-01 -0.6065308E-01   0.000000       0.000000    
  196.8000     -0.6700520E-01 -0.6700520E-01   0.000000       0.000000    
  197.0000     -0.7423726E-01 -0.7423726E-01   0.000000       0.000000    
  197.2000     -0.8167810E-01 -0.8167810E-01   0.000000       0.000000    
  197.4000     -0.9085870E-01 -0.9085870E-01   0.000000       0.000000    
  197.6000     -0.1000393     -0.1000393       0.000000       0.000000    
  197.8000     -0.1109840     -0.1109840       0.000000       0.000000    
  198.0000     -0.1224098     -0.1224098       0.000000       0.000000    
  198.2000     -0.1349953     -0.1349953       0.000000       0.000000    
  198.4000     -0.1489188     -0.1489188       0.000000       0.000000    
  198.6000     -0.1632033     -0.1632033       0.000000       0.000000    
  198.8000     -0.1796532     -0.1796532       0.000000       0.000000    
  199.0000     -0.1961031     -0.1961031       0.000000       0.000000    
  199.2000     -0.2144510     -0.2144510       0.000000       0.000000    
  199.4000     -0.2332115     -0.2332115       0.000000       0.000000    
  199.6000     -0.2522969     -0.2522969       0.000000       0.000000    
  199.8000     -0.2717069     -0.2717069       0.000000       0.000000    
  200.0000     -0.2935319     -0.2935319       0.000000       0.000000    
ENDDATA
ENDFILE
