HEADINGS
 NPRINT= 1000  Z from  0.000000     to  200.0000    
 PRINTED AT R1=0,  R2=  0.000000      WT=   240.000degrees

SOLID

MARKERSIZE 0.06
ylabel
MV/m

ABSCISSA 1
ORDINATE  2   3   4   5


TITLES
Z
Ez(0,Z)
Ez(R2,Z)
Er(R2,Z)
Bphi(R2,Z)
ENDTITLES

AXIS_LABELS
Z
Ez(0,Z)
Ez(R2,Z)
Er(R2,Z)
Bphi(R2,Z)
ENDLABELS

CURVE_LABELS
Z
Ez(0,Z)
Ez(R2,Z)
Er(R2,Z)
Bphi(R2,Z)
ENDLABELS


DATA
;      Z      EZ(0,Z)     EZ(R2,Z)    ER(R2,Z)    Bphi(R2,Z) 
  75.20000     -0.3480405E-03 -0.3480405E-03   0.000000       0.000000    
  75.40000     -0.6960811E-03 -0.6960811E-03   0.000000       0.000000    
  75.60000     -0.1052071E-02 -0.1052071E-02   0.000000       0.000000    
  75.80000     -0.1416010E-02 -0.1416010E-02   0.000000       0.000000    
  76.00000     -0.1779950E-02 -0.1779950E-02   0.000000       0.000000    
  76.20000     -0.2172159E-02 -0.2172159E-02   0.000000       0.000000    
  76.40000     -0.2564369E-02 -0.2564369E-02   0.000000       0.000000    
  76.60000     -0.2980399E-02 -0.2980399E-02   0.000000       0.000000    
  76.80000     -0.3420249E-02 -0.3420249E-02   0.000000       0.000000    
  77.00000     -0.3860099E-02 -0.3860099E-02   0.000000       0.000000    
  77.20000     -0.4361945E-02 -0.4361945E-02   0.000000       0.000000    
  77.40000     -0.4863792E-02 -0.4863792E-02   0.000000       0.000000    
  77.60000     -0.5408473E-02 -0.5408473E-02   0.000000       0.000000    
  77.80000     -0.5995988E-02 -0.5995988E-02   0.000000       0.000000    
  78.00000     -0.6583503E-02 -0.6583503E-02   0.000000       0.000000    
  78.20000     -0.7274688E-02 -0.7274688E-02   0.000000       0.000000    
  78.40000     -0.7965872E-02 -0.7965872E-02   0.000000       0.000000    
  78.60000     -0.8723888E-02 -0.8723888E-02   0.000000       0.000000    
  78.80000     -0.9548734E-02 -0.9548734E-02   0.000000       0.000000    
  79.00000     -0.1037358E-01 -0.1037358E-01   0.000000       0.000000    
  79.20000     -0.1135470E-01 -0.1135470E-01   0.000000       0.000000    
  79.40000     -0.1233581E-01 -0.1233581E-01   0.000000       0.000000    
  79.60000     -0.1341349E-01 -0.1341349E-01   0.000000       0.000000    
  79.80000     -0.1458771E-01 -0.1458771E-01   0.000000       0.000000    
  80.00000     -0.1576194E-01 -0.1576194E-01   0.000000       0.000000    
  80.20000     -0.1715580E-01 -0.1715580E-01   0.000000       0.000000    
  80.40000     -0.1854966E-01 -0.1854966E-01   0.000000       0.000000    
  80.60000     -0.2007375E-01 -0.2007375E-01   0.000000       0.000000    
  80.80000     -0.2172808E-01 -0.2172808E-01   0.000000       0.000000    
  81.00000     -0.2338240E-01 -0.2338240E-01   0.000000       0.000000    
  81.20000     -0.2532390E-01 -0.2532390E-01   0.000000       0.000000    
  81.40000     -0.2726539E-01 -0.2726539E-01   0.000000       0.000000    
  81.60000     -0.2936916E-01 -0.2936916E-01   0.000000       0.000000    
  81.80000     -0.3163520E-01 -0.3163520E-01   0.000000       0.000000    
  82.00000     -0.3390124E-01 -0.3390124E-01   0.000000       0.000000    
  82.20000     -0.3651232E-01 -0.3651232E-01   0.000000       0.000000    
  82.40000     -0.3912340E-01 -0.3912340E-01   0.000000       0.000000    
  82.60000     -0.4191992E-01 -0.4191992E-01   0.000000       0.000000    
  82.80000     -0.4490187E-01 -0.4490187E-01   0.000000       0.000000    
  83.00000     -0.4788382E-01 -0.4788382E-01   0.000000       0.000000    
  83.20000     -0.5124746E-01 -0.5124746E-01   0.000000       0.000000    
  83.40000     -0.5461110E-01 -0.5461110E-01   0.000000       0.000000    
  83.60000     -0.5817407E-01 -0.5817407E-01   0.000000       0.000000    
  83.80000     -0.6193636E-01 -0.6193636E-01   0.000000       0.000000    
  84.00000     -0.6569865E-01 -0.6569865E-01   0.000000       0.000000    
  84.20000     -0.6986868E-01 -0.6986868E-01   0.000000       0.000000    
  84.40000     -0.7403869E-01 -0.7403869E-01   0.000000       0.000000    
  84.60000     -0.7842664E-01 -0.7842664E-01   0.000000       0.000000    
  84.80000     -0.8303253E-01 -0.8303253E-01   0.000000       0.000000    
  85.00000     -0.8763842E-01 -0.8763842E-01   0.000000       0.000000    
  85.20000     -0.9270500E-01 -0.9270500E-01   0.000000       0.000000    
  85.40000     -0.9777158E-01 -0.9777158E-01   0.000000       0.000000    
  85.60000     -0.1030999     -0.1030999       0.000000       0.000000    
  85.80000     -0.1086900     -0.1086900       0.000000       0.000000    
  86.00000     -0.1142801     -0.1142801       0.000000       0.000000    
  86.20000     -0.1204466     -0.1204466       0.000000       0.000000    
  86.40000     -0.1266131     -0.1266131       0.000000       0.000000    
  86.60000     -0.1331205     -0.1331205       0.000000       0.000000    
  86.80000     -0.1399690     -0.1399690       0.000000       0.000000    
  87.00000     -0.1468174     -0.1468174       0.000000       0.000000    
  87.20000     -0.1544281     -0.1544281       0.000000       0.000000    
  87.40000     -0.1620388     -0.1620388       0.000000       0.000000    
  87.60000     -0.1701013     -0.1701013       0.000000       0.000000    
  87.80000     -0.1786157     -0.1786157       0.000000       0.000000    
  88.00000     -0.1871302     -0.1871302       0.000000       0.000000    
  88.20000     -0.1966486     -0.1966486       0.000000       0.000000    
  88.40000     -0.2061671     -0.2061671       0.000000       0.000000    
  88.60000     -0.2162710     -0.2162710       0.000000       0.000000    
  88.80000     -0.2269605     -0.2269605       0.000000       0.000000    
  89.00000     -0.2376499     -0.2376499       0.000000       0.000000    
  89.20000     -0.2496232     -0.2496232       0.000000       0.000000    
  89.40000     -0.2615965     -0.2615965       0.000000       0.000000    
  89.60000     -0.2743033     -0.2743033       0.000000       0.000000    
  89.80000     -0.2877435     -0.2877435       0.000000       0.000000    
  90.00000     -0.3011838     -0.3011838       0.000000       0.000000    
  90.20000     -0.3162089     -0.3162089       0.000000       0.000000    
  90.40000     -0.3312340     -0.3312340       0.000000       0.000000    
  90.60000     -0.3471453     -0.3471453       0.000000       0.000000    
  90.80000     -0.3639429     -0.3639429       0.000000       0.000000    
  91.00000     -0.3807403     -0.3807403       0.000000       0.000000    
  91.20000     -0.3994222     -0.3994222       0.000000       0.000000    
  91.40000     -0.4181041     -0.4181041       0.000000       0.000000    
  91.60000     -0.4378143     -0.4378143       0.000000       0.000000    
  91.80000     -0.4585528     -0.4585528       0.000000       0.000000    
  92.00000     -0.4792913     -0.4792913       0.000000       0.000000    
  92.20000     -0.5021738     -0.5021738       0.000000       0.000000    
  92.40000     -0.5250564     -0.5250564       0.000000       0.000000    
  92.60000     -0.5490736     -0.5490736       0.000000       0.000000    
  92.80000     -0.5742254     -0.5742254       0.000000       0.000000    
  93.00000     -0.5993772     -0.5993772       0.000000       0.000000    
  93.20000     -0.6268340     -0.6268340       0.000000       0.000000    
  93.40000     -0.6542909     -0.6542909       0.000000       0.000000    
  93.60000     -0.6829178     -0.6829178       0.000000       0.000000    
  93.80000     -0.7127151     -0.7127151       0.000000       0.000000    
  94.00000     -0.7425123     -0.7425123       0.000000       0.000000    
  94.20000     -0.7746018     -0.7746018       0.000000       0.000000    
  94.40000     -0.8066913     -0.8066913       0.000000       0.000000    
  94.60000     -0.8398780     -0.8398780       0.000000       0.000000    
  94.80000     -0.8741619     -0.8741619       0.000000       0.000000    
  95.00000     -0.9084458     -0.9084458       0.000000       0.000000    
  95.20000     -0.9447655     -0.9447655       0.000000       0.000000    
  95.40000     -0.9810853     -0.9810853       0.000000       0.000000    
  95.60000      -1.018295      -1.018295       0.000000       0.000000    
  95.80000      -1.056395      -1.056395       0.000000       0.000000    
  96.00000      -1.094494      -1.094494       0.000000       0.000000    
  96.20000      -1.134099      -1.134099       0.000000       0.000000    
  96.40000      -1.173704      -1.173704       0.000000       0.000000    
  96.60000      -1.213862      -1.213862       0.000000       0.000000    
  96.80000      -1.254573      -1.254573       0.000000       0.000000    
  97.00000      -1.295285      -1.295285       0.000000       0.000000    
  97.20000      -1.336739      -1.336739       0.000000       0.000000    
  97.40000      -1.378193      -1.378193       0.000000       0.000000    
  97.60000      -1.419777      -1.419777       0.000000       0.000000    
  97.80000      -1.461492      -1.461492       0.000000       0.000000    
  98.00000      -1.503207      -1.503207       0.000000       0.000000    
  98.20000      -1.544788      -1.544788       0.000000       0.000000    
  98.40000      -1.586369      -1.586369       0.000000       0.000000    
  98.60000      -1.627645      -1.627645       0.000000       0.000000    
  98.80000      -1.668617      -1.668617       0.000000       0.000000    
  99.00000      -1.709589      -1.709589       0.000000       0.000000    
  99.20000      -1.749591      -1.749591       0.000000       0.000000    
  99.40000      -1.789593      -1.789593       0.000000       0.000000    
  99.60000      -1.828916      -1.828916       0.000000       0.000000    
  99.80000      -1.867562      -1.867562       0.000000       0.000000    
  100.0000      -1.906207      -1.906207       0.000000       0.000000    
  100.2000      -1.943220      -1.943220       0.000000       0.000000    
  100.4000      -1.980234      -1.980234       0.000000       0.000000    
  100.6000      -2.016305      -2.016305       0.000000       0.000000    
  100.8000      -2.051434      -2.051434       0.000000       0.000000    
  101.0000      -2.086564      -2.086564       0.000000       0.000000    
  101.2000      -2.119637      -2.119637       0.000000       0.000000    
  101.4000      -2.152710      -2.152710       0.000000       0.000000    
  101.6000      -2.184697      -2.184697       0.000000       0.000000    
  101.8000      -2.215600      -2.215600       0.000000       0.000000    
  102.0000      -2.246502      -2.246502       0.000000       0.000000    
  102.2000      -2.275155      -2.275155       0.000000       0.000000    
  102.4000      -2.303808      -2.303808       0.000000       0.000000    
  102.6000      -2.331334      -2.331334       0.000000       0.000000    
  102.8000      -2.357733      -2.357733       0.000000       0.000000    
  103.0000      -2.384131      -2.384131       0.000000       0.000000    
  103.2000      -2.408265      -2.408265       0.000000       0.000000    
  103.4000      -2.432399      -2.432399       0.000000       0.000000    
  103.6000      -2.455431      -2.455431       0.000000       0.000000    
  103.8000      -2.477363      -2.477363       0.000000       0.000000    
  104.0000      -2.499295      -2.499295       0.000000       0.000000    
  104.2000      -2.519055      -2.519055       0.000000       0.000000    
  104.4000      -2.538815      -2.538815       0.000000       0.000000    
  104.6000      -2.557537      -2.557537       0.000000       0.000000    
  104.8000      -2.575219      -2.575219       0.000000       0.000000    
  105.0000      -2.592902      -2.592902       0.000000       0.000000    
  105.2000      -2.608555      -2.608555       0.000000       0.000000    
  105.4000      -2.624207      -2.624207       0.000000       0.000000    
  105.6000      -2.638895      -2.638895       0.000000       0.000000    
  105.8000      -2.652616      -2.652616       0.000000       0.000000    
  106.0000      -2.666337      -2.666337       0.000000       0.000000    
  106.2000      -2.678176      -2.678176       0.000000       0.000000    
  106.4000      -2.690015      -2.690015       0.000000       0.000000    
  106.6000      -2.700956      -2.700956       0.000000       0.000000    
  106.8000      -2.710999      -2.710999       0.000000       0.000000    
  107.0000      -2.721041      -2.721041       0.000000       0.000000    
  107.2000      -2.729328      -2.729328       0.000000       0.000000    
  107.4000      -2.737616      -2.737616       0.000000       0.000000    
  107.6000      -2.745059      -2.745059       0.000000       0.000000    
  107.8000      -2.751656      -2.751656       0.000000       0.000000    
  108.0000      -2.758253      -2.758253       0.000000       0.000000    
  108.2000      -2.763189      -2.763189       0.000000       0.000000    
  108.4000      -2.768125      -2.768125       0.000000       0.000000    
  108.6000      -2.772250      -2.772250       0.000000       0.000000    
  108.8000      -2.775565      -2.775565       0.000000       0.000000    
  109.0000      -2.778879      -2.778879       0.000000       0.000000    
  109.2000      -2.780586      -2.780586       0.000000       0.000000    
  109.4000      -2.782294      -2.782294       0.000000       0.000000    
  109.6000      -2.783204      -2.783204       0.000000       0.000000    
  109.8000      -2.783318      -2.783318       0.000000       0.000000    
  110.0000      -2.783431      -2.783431       0.000000       0.000000    
  110.2000      -2.781950      -2.781950       0.000000       0.000000    
  110.4000      -2.780469      -2.780469       0.000000       0.000000    
  110.6000      -2.778183      -2.778183       0.000000       0.000000    
  110.8000      -2.775093      -2.775093       0.000000       0.000000    
  111.0000      -2.772003      -2.772003       0.000000       0.000000    
  111.2000      -2.767288      -2.767288       0.000000       0.000000    
  111.4000      -2.762573      -2.762573       0.000000       0.000000    
  111.6000      -2.757026      -2.757026       0.000000       0.000000    
  111.8000      -2.750645      -2.750645       0.000000       0.000000    
  112.0000      -2.744265      -2.744265       0.000000       0.000000    
  112.2000      -2.736188      -2.736188       0.000000       0.000000    
  112.4000      -2.728111      -2.728111       0.000000       0.000000    
  112.6000      -2.719152      -2.719152       0.000000       0.000000    
  112.8000      -2.709311      -2.709311       0.000000       0.000000    
  113.0000      -2.699471      -2.699471       0.000000       0.000000    
  113.2000      -2.687822      -2.687822       0.000000       0.000000    
  113.4000      -2.676174      -2.676174       0.000000       0.000000    
  113.6000      -2.663578      -2.663578       0.000000       0.000000    
  113.8000      -2.650033      -2.650033       0.000000       0.000000    
  114.0000      -2.636489      -2.636489       0.000000       0.000000    
  114.2000      -2.620995      -2.620995       0.000000       0.000000    
  114.4000      -2.605500      -2.605500       0.000000       0.000000    
  114.6000      -2.588981      -2.588981       0.000000       0.000000    
  114.8000      -2.571435      -2.571435       0.000000       0.000000    
  115.0000      -2.553889      -2.553889       0.000000       0.000000    
  115.2000      -2.534238      -2.534238       0.000000       0.000000    
  115.4000      -2.514588      -2.514588       0.000000       0.000000    
  115.6000      -2.493835      -2.493835       0.000000       0.000000    
  115.8000      -2.471981      -2.471981       0.000000       0.000000    
  116.0000      -2.450127      -2.450127       0.000000       0.000000    
  116.2000      -2.426033      -2.426033       0.000000       0.000000    
  116.4000      -2.401938      -2.401938       0.000000       0.000000    
  116.6000      -2.376689      -2.376689       0.000000       0.000000    
  116.8000      -2.350287      -2.350287       0.000000       0.000000    
  117.0000      -2.323884      -2.323884       0.000000       0.000000    
  117.2000      -2.295176      -2.295176       0.000000       0.000000    
  117.4000      -2.266468      -2.266468       0.000000       0.000000    
  117.6000      -2.236609      -2.236609       0.000000       0.000000    
  117.8000      -2.205599      -2.205599       0.000000       0.000000    
  118.0000      -2.174588      -2.174588       0.000000       0.000000    
  118.2000      -2.141347      -2.141347       0.000000       0.000000    
  118.4000      -2.108106      -2.108106       0.000000       0.000000    
  118.6000      -2.073807      -2.073807       0.000000       0.000000    
  118.8000      -2.038451      -2.038451       0.000000       0.000000    
  119.0000      -2.003095      -2.003095       0.000000       0.000000    
  119.2000      -1.965792      -1.965792       0.000000       0.000000    
  119.4000      -1.928489      -1.928489       0.000000       0.000000    
  119.6000      -1.890343      -1.890343       0.000000       0.000000    
  119.8000      -1.851353      -1.851353       0.000000       0.000000    
  120.0000      -1.812363      -1.812363       0.000000       0.000000    
  120.2000      -1.771963      -1.771963       0.000000       0.000000    
  120.4000      -1.731563      -1.731563       0.000000       0.000000    
  120.6000      -1.690659      -1.690659       0.000000       0.000000    
  120.8000      -1.649250      -1.649250       0.000000       0.000000    
  121.0000      -1.607842      -1.607842       0.000000       0.000000    
  121.2000      -1.565792      -1.565792       0.000000       0.000000    
  121.4000      -1.523742      -1.523742       0.000000       0.000000    
  121.6000      -1.481620      -1.481620       0.000000       0.000000    
  121.8000      -1.439424      -1.439424       0.000000       0.000000    
  122.0000      -1.397228      -1.397228       0.000000       0.000000    
  122.2000      -1.355292      -1.355292       0.000000       0.000000    
  122.4000      -1.313357      -1.313357       0.000000       0.000000    
  122.6000      -1.271802      -1.271802       0.000000       0.000000    
  122.8000      -1.230627      -1.230627       0.000000       0.000000    
  123.0000      -1.189452      -1.189452       0.000000       0.000000    
  123.2000      -1.149415      -1.149415       0.000000       0.000000    
  123.4000      -1.109378      -1.109378       0.000000       0.000000    
  123.6000      -1.070115      -1.070115       0.000000       0.000000    
  123.8000      -1.031626      -1.031626       0.000000       0.000000    
  124.0000     -0.9931373     -0.9931373       0.000000       0.000000    
  124.2000     -0.9564832     -0.9564832       0.000000       0.000000    
  124.4000     -0.9198292     -0.9198292       0.000000       0.000000    
  124.6000     -0.8842213     -0.8842213       0.000000       0.000000    
  124.8000     -0.8496596     -0.8496596       0.000000       0.000000    
  125.0000     -0.8150979     -0.8150979       0.000000       0.000000    
  125.2000     -0.7827946     -0.7827946       0.000000       0.000000    
  125.4000     -0.7504911     -0.7504911       0.000000       0.000000    
  125.6000     -0.7193626     -0.7193626       0.000000       0.000000    
  125.8000     -0.6894087     -0.6894087       0.000000       0.000000    
  126.0000     -0.6594548     -0.6594548       0.000000       0.000000    
  126.2000     -0.6319015     -0.6319015       0.000000       0.000000    
  126.4000     -0.6043481     -0.6043481       0.000000       0.000000    
  126.6000     -0.5779718     -0.5779718       0.000000       0.000000    
  126.8000     -0.5527723     -0.5527723       0.000000       0.000000    
  127.0000     -0.5275729     -0.5275729       0.000000       0.000000    
  127.2000     -0.5046917     -0.5046917       0.000000       0.000000    
  127.4000     -0.4818105     -0.4818105       0.000000       0.000000    
  127.6000     -0.4600199     -0.4600199       0.000000       0.000000    
  127.8000     -0.4393201     -0.4393201       0.000000       0.000000    
  128.0000     -0.4186203     -0.4186203       0.000000       0.000000    
  128.2000     -0.4000138     -0.4000138       0.000000       0.000000    
  128.4000     -0.3814074     -0.3814074       0.000000       0.000000    
  128.6000     -0.3637570     -0.3637570       0.000000       0.000000    
  128.8000     -0.3470626     -0.3470626       0.000000       0.000000    
  129.0000     -0.3303682     -0.3303682       0.000000       0.000000    
  129.2000     -0.3154743     -0.3154743       0.000000       0.000000    
  129.4000     -0.3005804     -0.3005804       0.000000       0.000000    
  129.6000     -0.2864905     -0.2864905       0.000000       0.000000    
  129.8000     -0.2732047     -0.2732047       0.000000       0.000000    
  130.0000     -0.2599189     -0.2599189       0.000000       0.000000    
  130.2000     -0.2481250     -0.2481250       0.000000       0.000000    
  130.4000     -0.2363312     -0.2363312       0.000000       0.000000    
  130.6000     -0.2251913     -0.2251913       0.000000       0.000000    
  130.8000     -0.2147053     -0.2147053       0.000000       0.000000    
  131.0000     -0.2042193     -0.2042193       0.000000       0.000000    
  131.2000     -0.1949308     -0.1949308       0.000000       0.000000    
  131.4000     -0.1856423     -0.1856423       0.000000       0.000000    
  131.6000     -0.1768692     -0.1768692       0.000000       0.000000    
  131.8000     -0.1686114     -0.1686114       0.000000       0.000000    
  132.0000     -0.1603535     -0.1603535       0.000000       0.000000    
  132.2000     -0.1530269     -0.1530269       0.000000       0.000000    
  132.4000     -0.1457002     -0.1457002       0.000000       0.000000    
  132.6000     -0.1387666     -0.1387666       0.000000       0.000000    
  132.8000     -0.1322260     -0.1322260       0.000000       0.000000    
  133.0000     -0.1256855     -0.1256855       0.000000       0.000000    
  133.2000     -0.1198461     -0.1198461       0.000000       0.000000    
  133.4000     -0.1140067     -0.1140067       0.000000       0.000000    
  133.6000     -0.1084592     -0.1084592       0.000000       0.000000    
  133.8000     -0.1032036     -0.1032036       0.000000       0.000000    
  134.0000     -0.9794801E-01 -0.9794801E-01   0.000000       0.000000    
  134.2000     -0.9321158E-01 -0.9321158E-01   0.000000       0.000000    
  134.4000     -0.8847515E-01 -0.8847515E-01   0.000000       0.000000    
  134.6000     -0.8395758E-01 -0.8395758E-01   0.000000       0.000000    
  134.8000     -0.7965885E-01 -0.7965885E-01   0.000000       0.000000    
  135.0000     -0.7536013E-01 -0.7536013E-01   0.000000       0.000000    
  135.2000     -0.7146072E-01 -0.7146072E-01   0.000000       0.000000    
  135.4000     -0.6756131E-01 -0.6756131E-01   0.000000       0.000000    
  135.6000     -0.6384025E-01 -0.6384025E-01   0.000000       0.000000    
  135.8000     -0.6029753E-01 -0.6029753E-01   0.000000       0.000000    
  136.0000     -0.5675482E-01 -0.5675482E-01   0.000000       0.000000    
  136.2000     -0.5355407E-01 -0.5355407E-01   0.000000       0.000000    
  136.4000     -0.5035331E-01 -0.5035331E-01   0.000000       0.000000    
  136.6000     -0.4731503E-01 -0.4731503E-01   0.000000       0.000000    
  136.8000     -0.4443922E-01 -0.4443922E-01   0.000000       0.000000    
  137.0000     -0.4156341E-01 -0.4156341E-01   0.000000       0.000000    
  137.2000     -0.3900716E-01 -0.3900716E-01   0.000000       0.000000    
  137.4000     -0.3645092E-01 -0.3645092E-01   0.000000       0.000000    
  137.6000     -0.3404724E-01 -0.3404724E-01   0.000000       0.000000    
  137.8000     -0.3179614E-01 -0.3179614E-01   0.000000       0.000000    
  138.0000     -0.2954503E-01 -0.2954503E-01   0.000000       0.000000    
  138.2000     -0.2758858E-01 -0.2758858E-01   0.000000       0.000000    
  138.4000     -0.2563212E-01 -0.2563212E-01   0.000000       0.000000    
  138.6000     -0.2381055E-01 -0.2381055E-01   0.000000       0.000000    
  138.8000     -0.2212387E-01 -0.2212387E-01   0.000000       0.000000    
  139.0000     -0.2043720E-01 -0.2043720E-01   0.000000       0.000000    
  139.2000     -0.1900136E-01 -0.1900136E-01   0.000000       0.000000    
  139.4000     -0.1756553E-01 -0.1756553E-01   0.000000       0.000000    
  139.6000     -0.1623865E-01 -0.1623865E-01   0.000000       0.000000    
  139.8000     -0.1502073E-01 -0.1502073E-01   0.000000       0.000000    
  140.0000     -0.1380281E-01 -0.1380281E-01   0.000000       0.000000    
  140.2000     -0.1278020E-01 -0.1278020E-01   0.000000       0.000000    
  140.4000     -0.1175760E-01 -0.1175760E-01   0.000000       0.000000    
  140.6000     -0.1081599E-01 -0.1081599E-01   0.000000       0.000000    
  140.8000     -0.9955388E-02 -0.9955388E-02   0.000000       0.000000    
  141.0000     -0.9094783E-02 -0.9094783E-02   0.000000       0.000000    
  141.2000     -0.8374973E-02 -0.8374973E-02   0.000000       0.000000    
  141.4000     -0.7655163E-02 -0.7655163E-02   0.000000       0.000000    
  141.6000     -0.6991383E-02 -0.6991383E-02   0.000000       0.000000    
  141.8000     -0.6383630E-02 -0.6383630E-02   0.000000       0.000000    
  142.0000     -0.5775878E-02 -0.5775878E-02   0.000000       0.000000    
  142.2000     -0.5262579E-02 -0.5262579E-02   0.000000       0.000000    
  142.4000     -0.4749279E-02 -0.4749279E-02   0.000000       0.000000    
  142.6000     -0.4271697E-02 -0.4271697E-02   0.000000       0.000000    
  142.8000     -0.3829832E-02 -0.3829832E-02   0.000000       0.000000    
  143.0000     -0.3387967E-02 -0.3387967E-02   0.000000       0.000000    
  143.2000     -0.3003499E-02 -0.3003499E-02   0.000000       0.000000    
  143.4000     -0.2619032E-02 -0.2619032E-02   0.000000       0.000000    
  143.6000     -0.2254104E-02 -0.2254104E-02   0.000000       0.000000    
  143.8000     -0.1908714E-02 -0.1908714E-02   0.000000       0.000000    
  144.0000     -0.1563325E-02 -0.1563325E-02   0.000000       0.000000    
  144.2000     -0.1248694E-02 -0.1248694E-02   0.000000       0.000000    
  144.4000     -0.9340629E-03 -0.9340629E-03   0.000000       0.000000    
  144.6000     -0.6213979E-03 -0.6213979E-03   0.000000       0.000000    
  144.8000     -0.3106990E-03 -0.3106990E-03   0.000000       0.000000    
  145.0000     -0.1157444E-09 -0.1157444E-09   0.000000       0.000000    
  180.2000     -0.5431773E-04 -0.5431773E-04   0.000000       0.000000    
  180.4000     -0.5585663E-04 -0.5585663E-04   0.000000       0.000000    
  180.6000     -0.5890429E-04 -0.5890429E-04   0.000000       0.000000    
  180.8000     -0.6266664E-04 -0.6266664E-04   0.000000       0.000000    
  181.0000     -0.6640181E-04 -0.6640181E-04   0.000000       0.000000    
  181.2000     -0.7008803E-04 -0.7008803E-04   0.000000       0.000000    
  181.4000     -0.7381896E-04 -0.7381896E-04   0.000000       0.000000    
  181.6000     -0.7875704E-04 -0.7875704E-04   0.000000       0.000000    
  181.8000     -0.8369511E-04 -0.8369511E-04   0.000000       0.000000    
  182.0000     -0.8984900E-04 -0.8984900E-04   0.000000       0.000000    
  182.2000     -0.9648922E-04 -0.9648922E-04   0.000000       0.000000    
  182.4000     -0.1039811E-03 -0.1039811E-03   0.000000       0.000000    
  182.6000     -0.1127893E-03 -0.1127893E-03   0.000000       0.000000    
  182.8000     -0.1217845E-03 -0.1217845E-03   0.000000       0.000000    
  183.0000     -0.1332109E-03 -0.1332109E-03   0.000000       0.000000    
  183.2000     -0.1446372E-03 -0.1446372E-03   0.000000       0.000000    
  183.4000     -0.1585191E-03 -0.1585191E-03   0.000000       0.000000    
  183.6000     -0.1732194E-03 -0.1732194E-03   0.000000       0.000000    
  183.8000     -0.1896060E-03 -0.1896060E-03   0.000000       0.000000    
  184.0000     -0.2082408E-03 -0.2082408E-03   0.000000       0.000000    
  184.2000     -0.2274006E-03 -0.2274006E-03   0.000000       0.000000    
  184.4000     -0.2509350E-03 -0.2509350E-03   0.000000       0.000000    
  184.6000     -0.2744695E-03 -0.2744695E-03   0.000000       0.000000    
  184.8000     -0.3028358E-03 -0.3028358E-03   0.000000       0.000000    
  185.0000     -0.3325198E-03 -0.3325198E-03   0.000000       0.000000    
  185.2000     -0.3656821E-03 -0.3656821E-03   0.000000       0.000000    
  185.4000     -0.4028575E-03 -0.4028575E-03   0.000000       0.000000    
  185.6000     -0.4413986E-03 -0.4413986E-03   0.000000       0.000000    
  185.8000     -0.4881346E-03 -0.4881346E-03   0.000000       0.000000    
  186.0000     -0.5348706E-03 -0.5348706E-03   0.000000       0.000000    
  186.2000     -0.5911897E-03 -0.5911897E-03   0.000000       0.000000    
  186.4000     -0.6495919E-03 -0.6495919E-03   0.000000       0.000000    
  186.6000     -0.7153555E-03 -0.7153555E-03   0.000000       0.000000    
  186.8000     -0.7884804E-03 -0.7884804E-03   0.000000       0.000000    
  187.0000     -0.8649331E-03 -0.8649331E-03   0.000000       0.000000    
  187.2000     -0.9566939E-03 -0.9566939E-03   0.000000       0.000000    
  187.4000     -0.1048455E-02 -0.1048455E-02   0.000000       0.000000    
  187.6000     -0.1159758E-02 -0.1159758E-02   0.000000       0.000000    
  187.8000     -0.1274318E-02 -0.1274318E-02   0.000000       0.000000    
  188.0000     -0.1404516E-02 -0.1404516E-02   0.000000       0.000000    
  188.2000     -0.1548268E-02 -0.1548268E-02   0.000000       0.000000    
  188.4000     -0.1699665E-02 -0.1699665E-02   0.000000       0.000000    
  188.6000     -0.1879096E-02 -0.1879096E-02   0.000000       0.000000    
  188.8000     -0.2058527E-02 -0.2058527E-02   0.000000       0.000000    
  189.0000     -0.2278206E-02 -0.2278206E-02   0.000000       0.000000    
  189.2000     -0.2502715E-02 -0.2502715E-02   0.000000       0.000000    
  189.4000     -0.2759862E-02 -0.2759862E-02   0.000000       0.000000    
  189.6000     -0.3041488E-02 -0.3041488E-02   0.000000       0.000000    
  189.8000     -0.3340590E-02 -0.3340590E-02   0.000000       0.000000    
  190.0000     -0.3692118E-02 -0.3692118E-02   0.000000       0.000000    
  190.2000     -0.4043645E-02 -0.4043645E-02   0.000000       0.000000    
  190.4000     -0.4478304E-02 -0.4478304E-02   0.000000       0.000000    
  190.6000     -0.4919358E-02 -0.4919358E-02   0.000000       0.000000    
  190.8000     -0.5426835E-02 -0.5426835E-02   0.000000       0.000000    
  191.0000     -0.5977291E-02 -0.5977291E-02   0.000000       0.000000    
  191.2000     -0.6567205E-02 -0.6567205E-02   0.000000       0.000000    
  191.4000     -0.7255765E-02 -0.7255765E-02   0.000000       0.000000    
  191.6000     -0.7944323E-02 -0.7944323E-02   0.000000       0.000000    
  191.8000     -0.8801382E-02 -0.8801382E-02   0.000000       0.000000    
  192.0000     -0.9664681E-02 -0.9664681E-02   0.000000       0.000000    
  192.2000     -0.1066514E-01 -0.1066514E-01   0.000000       0.000000    
  192.4000     -0.1174179E-01 -0.1174179E-01   0.000000       0.000000    
  192.6000     -0.1290601E-01 -0.1290601E-01   0.000000       0.000000    
  192.8000     -0.1425510E-01 -0.1425510E-01   0.000000       0.000000    
  193.0000     -0.1560418E-01 -0.1560418E-01   0.000000       0.000000    
  193.2000     -0.1728524E-01 -0.1728524E-01   0.000000       0.000000    
  193.4000     -0.1896630E-01 -0.1896630E-01   0.000000       0.000000    
  193.6000     -0.2093116E-01 -0.2093116E-01   0.000000       0.000000    
  193.8000     -0.2303044E-01 -0.2303044E-01   0.000000       0.000000    
  194.0000     -0.2531927E-01 -0.2531927E-01   0.000000       0.000000    
  194.2000     -0.2794926E-01 -0.2794926E-01   0.000000       0.000000    
  194.4000     -0.3060256E-01 -0.3060256E-01   0.000000       0.000000    
  194.6000     -0.3388546E-01 -0.3388546E-01   0.000000       0.000000    
  194.8000     -0.3716835E-01 -0.3716835E-01   0.000000       0.000000    
  195.0000     -0.4105981E-01 -0.4105981E-01   0.000000       0.000000    
  195.2000     -0.4519472E-01 -0.4519472E-01   0.000000       0.000000    
  195.4000     -0.4974858E-01 -0.4974858E-01   0.000000       0.000000    
  195.6000     -0.5494995E-01 -0.5494995E-01   0.000000       0.000000    
  195.8000     -0.6025101E-01 -0.6025101E-01   0.000000       0.000000    
  196.0000     -0.6684805E-01 -0.6684805E-01   0.000000       0.000000    
  196.2000     -0.7344508E-01 -0.7344508E-01   0.000000       0.000000    
  196.4000     -0.8141857E-01 -0.8141857E-01   0.000000       0.000000    
  196.6000     -0.8985088E-01 -0.8985088E-01   0.000000       0.000000    
  196.8000     -0.9926086E-01 -0.9926086E-01   0.000000       0.000000    
  197.0000     -0.1099744     -0.1099744       0.000000       0.000000    
  197.2000     -0.1209971     -0.1209971       0.000000       0.000000    
  197.4000     -0.1345972     -0.1345972       0.000000       0.000000    
  197.6000     -0.1481972     -0.1481972       0.000000       0.000000    
  197.8000     -0.1644106     -0.1644106       0.000000       0.000000    
  198.0000     -0.1813367     -0.1813367       0.000000       0.000000    
  198.2000     -0.1999807     -0.1999807       0.000000       0.000000    
  198.4000     -0.2206069     -0.2206069       0.000000       0.000000    
  198.6000     -0.2417678     -0.2417678       0.000000       0.000000    
  198.8000     -0.2661365     -0.2661365       0.000000       0.000000    
  199.0000     -0.2905052     -0.2905052       0.000000       0.000000    
  199.2000     -0.3176857     -0.3176857       0.000000       0.000000    
  199.4000     -0.3454773     -0.3454773       0.000000       0.000000    
  199.6000     -0.3737501     -0.3737501       0.000000       0.000000    
  199.8000     -0.4025040     -0.4025040       0.000000       0.000000    
  200.0000     -0.4348353     -0.4348353       0.000000       0.000000    
ENDDATA
ENDFILE
