HEADINGS
 NPRINT= 1000  Z from  0.000000     to  200.0000    
 PRINTED AT R1=0,  R2=  0.000000      WT=   260.000degrees

SOLID

MARKERSIZE 0.06
ylabel
MV/m

ABSCISSA 1
ORDINATE  2   3   4   5


TITLES
Z
Ez(0,Z)
Ez(R2,Z)
Er(R2,Z)
Bphi(R2,Z)
ENDTITLES

AXIS_LABELS
Z
Ez(0,Z)
Ez(R2,Z)
Er(R2,Z)
Bphi(R2,Z)
ENDLABELS

CURVE_LABELS
Z
Ez(0,Z)
Ez(R2,Z)
Er(R2,Z)
Bphi(R2,Z)
ENDLABELS


DATA
;      Z      EZ(0,Z)     EZ(R2,Z)    ER(R2,Z)    Bphi(R2,Z) 
  75.20000     -0.5092929E-04 -0.5092929E-04   0.000000       0.000000    
  75.40000     -0.1018586E-03 -0.1018586E-03   0.000000       0.000000    
  75.60000     -0.1539511E-03 -0.1539511E-03   0.000000       0.000000    
  75.80000     -0.2072069E-03 -0.2072069E-03   0.000000       0.000000    
  76.00000     -0.2604627E-03 -0.2604627E-03   0.000000       0.000000    
  76.20000     -0.3178554E-03 -0.3178554E-03   0.000000       0.000000    
  76.40000     -0.3752480E-03 -0.3752480E-03   0.000000       0.000000    
  76.60000     -0.4361263E-03 -0.4361263E-03   0.000000       0.000000    
  76.80000     -0.5004902E-03 -0.5004902E-03   0.000000       0.000000    
  77.00000     -0.5648541E-03 -0.5648541E-03   0.000000       0.000000    
  77.20000     -0.6382901E-03 -0.6382901E-03   0.000000       0.000000    
  77.40000     -0.7117261E-03 -0.7117261E-03   0.000000       0.000000    
  77.60000     -0.7914300E-03 -0.7914300E-03   0.000000       0.000000    
  77.80000     -0.8774020E-03 -0.8774020E-03   0.000000       0.000000    
  78.00000     -0.9633739E-03 -0.9633739E-03   0.000000       0.000000    
  78.20000     -0.1064516E-02 -0.1064516E-02   0.000000       0.000000    
  78.40000     -0.1165658E-02 -0.1165658E-02   0.000000       0.000000    
  78.60000     -0.1276580E-02 -0.1276580E-02   0.000000       0.000000    
  78.80000     -0.1397281E-02 -0.1397281E-02   0.000000       0.000000    
  79.00000     -0.1517982E-02 -0.1517982E-02   0.000000       0.000000    
  79.20000     -0.1661550E-02 -0.1661550E-02   0.000000       0.000000    
  79.40000     -0.1805118E-02 -0.1805118E-02   0.000000       0.000000    
  79.60000     -0.1962816E-02 -0.1962816E-02   0.000000       0.000000    
  79.80000     -0.2134642E-02 -0.2134642E-02   0.000000       0.000000    
  80.00000     -0.2306469E-02 -0.2306469E-02   0.000000       0.000000    
  80.20000     -0.2510434E-02 -0.2510434E-02   0.000000       0.000000    
  80.40000     -0.2714400E-02 -0.2714400E-02   0.000000       0.000000    
  80.60000     -0.2937423E-02 -0.2937423E-02   0.000000       0.000000    
  80.80000     -0.3179502E-02 -0.3179502E-02   0.000000       0.000000    
  81.00000     -0.3421582E-02 -0.3421582E-02   0.000000       0.000000    
  81.20000     -0.3705684E-02 -0.3705684E-02   0.000000       0.000000    
  81.40000     -0.3989786E-02 -0.3989786E-02   0.000000       0.000000    
  81.60000     -0.4297633E-02 -0.4297633E-02   0.000000       0.000000    
  81.80000     -0.4629226E-02 -0.4629226E-02   0.000000       0.000000    
  82.00000     -0.4960820E-02 -0.4960820E-02   0.000000       0.000000    
  82.20000     -0.5342903E-02 -0.5342903E-02   0.000000       0.000000    
  82.40000     -0.5724986E-02 -0.5724986E-02   0.000000       0.000000    
  82.60000     -0.6134205E-02 -0.6134205E-02   0.000000       0.000000    
  82.80000     -0.6570559E-02 -0.6570559E-02   0.000000       0.000000    
  83.00000     -0.7006912E-02 -0.7006912E-02   0.000000       0.000000    
  83.20000     -0.7499118E-02 -0.7499118E-02   0.000000       0.000000    
  83.40000     -0.7991325E-02 -0.7991325E-02   0.000000       0.000000    
  83.60000     -0.8512700E-02 -0.8512700E-02   0.000000       0.000000    
  83.80000     -0.9063241E-02 -0.9063241E-02   0.000000       0.000000    
  84.00000     -0.9613783E-02 -0.9613783E-02   0.000000       0.000000    
  84.20000     -0.1022399E-01 -0.1022399E-01   0.000000       0.000000    
  84.40000     -0.1083419E-01 -0.1083419E-01   0.000000       0.000000    
  84.60000     -0.1147629E-01 -0.1147629E-01   0.000000       0.000000    
  84.80000     -0.1215028E-01 -0.1215028E-01   0.000000       0.000000    
  85.00000     -0.1282426E-01 -0.1282426E-01   0.000000       0.000000    
  85.20000     -0.1356566E-01 -0.1356566E-01   0.000000       0.000000    
  85.40000     -0.1430706E-01 -0.1430706E-01   0.000000       0.000000    
  85.60000     -0.1508677E-01 -0.1508677E-01   0.000000       0.000000    
  85.80000     -0.1590477E-01 -0.1590477E-01   0.000000       0.000000    
  86.00000     -0.1672278E-01 -0.1672278E-01   0.000000       0.000000    
  86.20000     -0.1762513E-01 -0.1762513E-01   0.000000       0.000000    
  86.40000     -0.1852748E-01 -0.1852748E-01   0.000000       0.000000    
  86.60000     -0.1947973E-01 -0.1947973E-01   0.000000       0.000000    
  86.80000     -0.2048187E-01 -0.2048187E-01   0.000000       0.000000    
  87.00000     -0.2148402E-01 -0.2148402E-01   0.000000       0.000000    
  87.20000     -0.2259770E-01 -0.2259770E-01   0.000000       0.000000    
  87.40000     -0.2371138E-01 -0.2371138E-01   0.000000       0.000000    
  87.60000     -0.2489119E-01 -0.2489119E-01   0.000000       0.000000    
  87.80000     -0.2613711E-01 -0.2613711E-01   0.000000       0.000000    
  88.00000     -0.2738304E-01 -0.2738304E-01   0.000000       0.000000    
  88.20000     -0.2877589E-01 -0.2877589E-01   0.000000       0.000000    
  88.40000     -0.3016874E-01 -0.3016874E-01   0.000000       0.000000    
  88.60000     -0.3164726E-01 -0.3164726E-01   0.000000       0.000000    
  88.80000     -0.3321147E-01 -0.3321147E-01   0.000000       0.000000    
  89.00000     -0.3477567E-01 -0.3477567E-01   0.000000       0.000000    
  89.20000     -0.3652774E-01 -0.3652774E-01   0.000000       0.000000    
  89.40000     -0.3827982E-01 -0.3827982E-01   0.000000       0.000000    
  89.60000     -0.4013922E-01 -0.4013922E-01   0.000000       0.000000    
  89.80000     -0.4210595E-01 -0.4210595E-01   0.000000       0.000000    
  90.00000     -0.4407268E-01 -0.4407268E-01   0.000000       0.000000    
  90.20000     -0.4627133E-01 -0.4627133E-01   0.000000       0.000000    
  90.40000     -0.4846998E-01 -0.4846998E-01   0.000000       0.000000    
  90.60000     -0.5079830E-01 -0.5079830E-01   0.000000       0.000000    
  90.80000     -0.5325631E-01 -0.5325631E-01   0.000000       0.000000    
  91.00000     -0.5571431E-01 -0.5571431E-01   0.000000       0.000000    
  91.20000     -0.5844806E-01 -0.5844806E-01   0.000000       0.000000    
  91.40000     -0.6118181E-01 -0.6118181E-01   0.000000       0.000000    
  91.60000     -0.6406603E-01 -0.6406603E-01   0.000000       0.000000    
  91.80000     -0.6710073E-01 -0.6710073E-01   0.000000       0.000000    
  92.00000     -0.7013541E-01 -0.7013541E-01   0.000000       0.000000    
  92.20000     -0.7348385E-01 -0.7348385E-01   0.000000       0.000000    
  92.40000     -0.7683230E-01 -0.7683230E-01   0.000000       0.000000    
  92.60000     -0.8034677E-01 -0.8034677E-01   0.000000       0.000000    
  92.80000     -0.8402727E-01 -0.8402727E-01   0.000000       0.000000    
  93.00000     -0.8770777E-01 -0.8770777E-01   0.000000       0.000000    
  93.20000     -0.9172557E-01 -0.9172557E-01   0.000000       0.000000    
  93.40000     -0.9574337E-01 -0.9574337E-01   0.000000       0.000000    
  93.60000     -0.9993240E-01 -0.9993240E-01   0.000000       0.000000    
  93.80000     -0.1042927     -0.1042927       0.000000       0.000000    
  94.00000     -0.1086529     -0.1086529       0.000000       0.000000    
  94.20000     -0.1133486     -0.1133486       0.000000       0.000000    
  94.40000     -0.1180444     -0.1180444       0.000000       0.000000    
  94.60000     -0.1229006     -0.1229006       0.000000       0.000000    
  94.80000     -0.1279174     -0.1279174       0.000000       0.000000    
  95.00000     -0.1329342     -0.1329342       0.000000       0.000000    
  95.20000     -0.1382490     -0.1382490       0.000000       0.000000    
  95.40000     -0.1435637     -0.1435637       0.000000       0.000000    
  95.60000     -0.1490086     -0.1490086       0.000000       0.000000    
  95.80000     -0.1545838     -0.1545838       0.000000       0.000000    
  96.00000     -0.1601590     -0.1601590       0.000000       0.000000    
  96.20000     -0.1659545     -0.1659545       0.000000       0.000000    
  96.40000     -0.1717499     -0.1717499       0.000000       0.000000    
  96.60000     -0.1776263     -0.1776263       0.000000       0.000000    
  96.80000     -0.1835836     -0.1835836       0.000000       0.000000    
  97.00000     -0.1895409     -0.1895409       0.000000       0.000000    
  97.20000     -0.1956070     -0.1956070       0.000000       0.000000    
  97.40000     -0.2016730     -0.2016730       0.000000       0.000000    
  97.60000     -0.2077582     -0.2077582       0.000000       0.000000    
  97.80000     -0.2138623     -0.2138623       0.000000       0.000000    
  98.00000     -0.2199665     -0.2199665       0.000000       0.000000    
  98.20000     -0.2260512     -0.2260512       0.000000       0.000000    
  98.40000     -0.2321358     -0.2321358       0.000000       0.000000    
  98.60000     -0.2381758     -0.2381758       0.000000       0.000000    
  98.80000     -0.2441712     -0.2441712       0.000000       0.000000    
  99.00000     -0.2501667     -0.2501667       0.000000       0.000000    
  99.20000     -0.2560202     -0.2560202       0.000000       0.000000    
  99.40000     -0.2618738     -0.2618738       0.000000       0.000000    
  99.60000     -0.2676281     -0.2676281       0.000000       0.000000    
  99.80000     -0.2732832     -0.2732832       0.000000       0.000000    
  100.0000     -0.2789382     -0.2789382       0.000000       0.000000    
  100.2000     -0.2843544     -0.2843544       0.000000       0.000000    
  100.4000     -0.2897706     -0.2897706       0.000000       0.000000    
  100.6000     -0.2950490     -0.2950490       0.000000       0.000000    
  100.8000     -0.3001895     -0.3001895       0.000000       0.000000    
  101.0000     -0.3053300     -0.3053300       0.000000       0.000000    
  101.2000     -0.3101696     -0.3101696       0.000000       0.000000    
  101.4000     -0.3150093     -0.3150093       0.000000       0.000000    
  101.6000     -0.3196901     -0.3196901       0.000000       0.000000    
  101.8000     -0.3242120     -0.3242120       0.000000       0.000000    
  102.0000     -0.3287340     -0.3287340       0.000000       0.000000    
  102.2000     -0.3329269     -0.3329269       0.000000       0.000000    
  102.4000     -0.3371198     -0.3371198       0.000000       0.000000    
  102.6000     -0.3411477     -0.3411477       0.000000       0.000000    
  102.8000     -0.3450106     -0.3450106       0.000000       0.000000    
  103.0000     -0.3488735     -0.3488735       0.000000       0.000000    
  103.2000     -0.3524050     -0.3524050       0.000000       0.000000    
  103.4000     -0.3559366     -0.3559366       0.000000       0.000000    
  103.6000     -0.3593070     -0.3593070       0.000000       0.000000    
  103.8000     -0.3625163     -0.3625163       0.000000       0.000000    
  104.0000     -0.3657255     -0.3657255       0.000000       0.000000    
  104.2000     -0.3686171     -0.3686171       0.000000       0.000000    
  104.4000     -0.3715087     -0.3715087       0.000000       0.000000    
  104.6000     -0.3742482     -0.3742482       0.000000       0.000000    
  104.8000     -0.3768357     -0.3768357       0.000000       0.000000    
  105.0000     -0.3794232     -0.3794232       0.000000       0.000000    
  105.2000     -0.3817137     -0.3817137       0.000000       0.000000    
  105.4000     -0.3840043     -0.3840043       0.000000       0.000000    
  105.6000     -0.3861534     -0.3861534       0.000000       0.000000    
  105.8000     -0.3881613     -0.3881613       0.000000       0.000000    
  106.0000     -0.3901691     -0.3901691       0.000000       0.000000    
  106.2000     -0.3919016     -0.3919016       0.000000       0.000000    
  106.4000     -0.3936340     -0.3936340       0.000000       0.000000    
  106.6000     -0.3952350     -0.3952350       0.000000       0.000000    
  106.8000     -0.3967045     -0.3967045       0.000000       0.000000    
  107.0000     -0.3981740     -0.3981740       0.000000       0.000000    
  107.2000     -0.3993867     -0.3993867       0.000000       0.000000    
  107.4000     -0.4005995     -0.4005995       0.000000       0.000000    
  107.6000     -0.4016886     -0.4016886       0.000000       0.000000    
  107.8000     -0.4026539     -0.4026539       0.000000       0.000000    
  108.0000     -0.4036193     -0.4036193       0.000000       0.000000    
  108.2000     -0.4043416     -0.4043416       0.000000       0.000000    
  108.4000     -0.4050639     -0.4050639       0.000000       0.000000    
  108.6000     -0.4056676     -0.4056676       0.000000       0.000000    
  108.8000     -0.4061526     -0.4061526       0.000000       0.000000    
  109.0000     -0.4066376     -0.4066376       0.000000       0.000000    
  109.2000     -0.4068874     -0.4068874       0.000000       0.000000    
  109.4000     -0.4071373     -0.4071373       0.000000       0.000000    
  109.6000     -0.4072705     -0.4072705       0.000000       0.000000    
  109.8000     -0.4072871     -0.4072871       0.000000       0.000000    
  110.0000     -0.4073037     -0.4073037       0.000000       0.000000    
  110.2000     -0.4070869     -0.4070869       0.000000       0.000000    
  110.4000     -0.4068702     -0.4068702       0.000000       0.000000    
  110.6000     -0.4065357     -0.4065357       0.000000       0.000000    
  110.8000     -0.4060835     -0.4060835       0.000000       0.000000    
  111.0000     -0.4056314     -0.4056314       0.000000       0.000000    
  111.2000     -0.4049414     -0.4049414       0.000000       0.000000    
  111.4000     -0.4042516     -0.4042516       0.000000       0.000000    
  111.6000     -0.4034398     -0.4034398       0.000000       0.000000    
  111.8000     -0.4025061     -0.4025061       0.000000       0.000000    
  112.0000     -0.4015724     -0.4015724       0.000000       0.000000    
  112.2000     -0.4003905     -0.4003905       0.000000       0.000000    
  112.4000     -0.3992086     -0.3992086       0.000000       0.000000    
  112.6000     -0.3978976     -0.3978976       0.000000       0.000000    
  112.8000     -0.3964576     -0.3964576       0.000000       0.000000    
  113.0000     -0.3950176     -0.3950176       0.000000       0.000000    
  113.2000     -0.3933131     -0.3933131       0.000000       0.000000    
  113.4000     -0.3916086     -0.3916086       0.000000       0.000000    
  113.6000     -0.3897654     -0.3897654       0.000000       0.000000    
  113.8000     -0.3877834     -0.3877834       0.000000       0.000000    
  114.0000     -0.3858014     -0.3858014       0.000000       0.000000    
  114.2000     -0.3835341     -0.3835341       0.000000       0.000000    
  114.4000     -0.3812668     -0.3812668       0.000000       0.000000    
  114.6000     -0.3788494     -0.3788494       0.000000       0.000000    
  114.8000     -0.3762819     -0.3762819       0.000000       0.000000    
  115.0000     -0.3737144     -0.3737144       0.000000       0.000000    
  115.2000     -0.3708389     -0.3708389       0.000000       0.000000    
  115.4000     -0.3679634     -0.3679634       0.000000       0.000000    
  115.6000     -0.3649267     -0.3649267       0.000000       0.000000    
  115.8000     -0.3617288     -0.3617288       0.000000       0.000000    
  116.0000     -0.3585308     -0.3585308       0.000000       0.000000    
  116.2000     -0.3550050     -0.3550050       0.000000       0.000000    
  116.4000     -0.3514792     -0.3514792       0.000000       0.000000    
  116.6000     -0.3477845     -0.3477845       0.000000       0.000000    
  116.8000     -0.3439210     -0.3439210       0.000000       0.000000    
  117.0000     -0.3400575     -0.3400575       0.000000       0.000000    
  117.2000     -0.3358566     -0.3358566       0.000000       0.000000    
  117.4000     -0.3316557     -0.3316557       0.000000       0.000000    
  117.6000     -0.3272864     -0.3272864       0.000000       0.000000    
  117.8000     -0.3227486     -0.3227486       0.000000       0.000000    
  118.0000     -0.3182108     -0.3182108       0.000000       0.000000    
  118.2000     -0.3133466     -0.3133466       0.000000       0.000000    
  118.4000     -0.3084823     -0.3084823       0.000000       0.000000    
  118.6000     -0.3034633     -0.3034633       0.000000       0.000000    
  118.8000     -0.2982896     -0.2982896       0.000000       0.000000    
  119.0000     -0.2931159     -0.2931159       0.000000       0.000000    
  119.2000     -0.2876573     -0.2876573       0.000000       0.000000    
  119.4000     -0.2821987     -0.2821987       0.000000       0.000000    
  119.6000     -0.2766167     -0.2766167       0.000000       0.000000    
  119.8000     -0.2709112     -0.2709112       0.000000       0.000000    
  120.0000     -0.2652058     -0.2652058       0.000000       0.000000    
  120.2000     -0.2592940     -0.2592940       0.000000       0.000000    
  120.4000     -0.2533822     -0.2533822       0.000000       0.000000    
  120.6000     -0.2473967     -0.2473967       0.000000       0.000000    
  120.8000     -0.2413373     -0.2413373       0.000000       0.000000    
  121.0000     -0.2352779     -0.2352779       0.000000       0.000000    
  121.2000     -0.2291247     -0.2291247       0.000000       0.000000    
  121.4000     -0.2229715     -0.2229715       0.000000       0.000000    
  121.6000     -0.2168076     -0.2168076       0.000000       0.000000    
  121.8000     -0.2106330     -0.2106330       0.000000       0.000000    
  122.0000     -0.2044584     -0.2044584       0.000000       0.000000    
  122.2000     -0.1983219     -0.1983219       0.000000       0.000000    
  122.4000     -0.1921855     -0.1921855       0.000000       0.000000    
  122.6000     -0.1861046     -0.1861046       0.000000       0.000000    
  122.8000     -0.1800795     -0.1800795       0.000000       0.000000    
  123.0000     -0.1740543     -0.1740543       0.000000       0.000000    
  123.2000     -0.1681956     -0.1681956       0.000000       0.000000    
  123.4000     -0.1623369     -0.1623369       0.000000       0.000000    
  123.6000     -0.1565915     -0.1565915       0.000000       0.000000    
  123.8000     -0.1509594     -0.1509594       0.000000       0.000000    
  124.0000     -0.1453273     -0.1453273       0.000000       0.000000    
  124.2000     -0.1399636     -0.1399636       0.000000       0.000000    
  124.4000     -0.1346000     -0.1346000       0.000000       0.000000    
  124.6000     -0.1293894     -0.1293894       0.000000       0.000000    
  124.8000     -0.1243320     -0.1243320       0.000000       0.000000    
  125.0000     -0.1192745     -0.1192745       0.000000       0.000000    
  125.2000     -0.1145475     -0.1145475       0.000000       0.000000    
  125.4000     -0.1098205     -0.1098205       0.000000       0.000000    
  125.6000     -0.1052654     -0.1052654       0.000000       0.000000    
  125.8000     -0.1008822     -0.1008822       0.000000       0.000000    
  126.0000     -0.9649903E-01 -0.9649903E-01   0.000000       0.000000    
  126.2000     -0.9246711E-01 -0.9246711E-01   0.000000       0.000000    
  126.4000     -0.8843518E-01 -0.8843518E-01   0.000000       0.000000    
  126.6000     -0.8457548E-01 -0.8457548E-01   0.000000       0.000000    
  126.8000     -0.8088801E-01 -0.8088801E-01   0.000000       0.000000    
  127.0000     -0.7720054E-01 -0.7720054E-01   0.000000       0.000000    
  127.2000     -0.7385229E-01 -0.7385229E-01   0.000000       0.000000    
  127.4000     -0.7050405E-01 -0.7050405E-01   0.000000       0.000000    
  127.6000     -0.6731541E-01 -0.6731541E-01   0.000000       0.000000    
  127.8000     -0.6428637E-01 -0.6428637E-01   0.000000       0.000000    
  128.0000     -0.6125734E-01 -0.6125734E-01   0.000000       0.000000    
  128.2000     -0.5853463E-01 -0.5853463E-01   0.000000       0.000000    
  128.4000     -0.5581192E-01 -0.5581192E-01   0.000000       0.000000    
  128.6000     -0.5322910E-01 -0.5322910E-01   0.000000       0.000000    
  128.8000     -0.5078619E-01 -0.5078619E-01   0.000000       0.000000    
  129.0000     -0.4834327E-01 -0.4834327E-01   0.000000       0.000000    
  129.2000     -0.4616383E-01 -0.4616383E-01   0.000000       0.000000    
  129.4000     -0.4398438E-01 -0.4398438E-01   0.000000       0.000000    
  129.6000     -0.4192259E-01 -0.4192259E-01   0.000000       0.000000    
  129.8000     -0.3997846E-01 -0.3997846E-01   0.000000       0.000000    
  130.0000     -0.3803432E-01 -0.3803432E-01   0.000000       0.000000    
  130.2000     -0.3630851E-01 -0.3630851E-01   0.000000       0.000000    
  130.4000     -0.3458271E-01 -0.3458271E-01   0.000000       0.000000    
  130.6000     -0.3295258E-01 -0.3295258E-01   0.000000       0.000000    
  130.8000     -0.3141815E-01 -0.3141815E-01   0.000000       0.000000    
  131.0000     -0.2988372E-01 -0.2988372E-01   0.000000       0.000000    
  131.2000     -0.2852452E-01 -0.2852452E-01   0.000000       0.000000    
  131.4000     -0.2716532E-01 -0.2716532E-01   0.000000       0.000000    
  131.6000     -0.2588153E-01 -0.2588153E-01   0.000000       0.000000    
  131.8000     -0.2467315E-01 -0.2467315E-01   0.000000       0.000000    
  132.0000     -0.2346478E-01 -0.2346478E-01   0.000000       0.000000    
  132.2000     -0.2239265E-01 -0.2239265E-01   0.000000       0.000000    
  132.4000     -0.2132053E-01 -0.2132053E-01   0.000000       0.000000    
  132.6000     -0.2030592E-01 -0.2030592E-01   0.000000       0.000000    
  132.8000     -0.1934884E-01 -0.1934884E-01   0.000000       0.000000    
  133.0000     -0.1839175E-01 -0.1839175E-01   0.000000       0.000000    
  133.2000     -0.1753726E-01 -0.1753726E-01   0.000000       0.000000    
  133.4000     -0.1668278E-01 -0.1668278E-01   0.000000       0.000000    
  133.6000     -0.1587101E-01 -0.1587101E-01   0.000000       0.000000    
  133.8000     -0.1510194E-01 -0.1510194E-01   0.000000       0.000000    
  134.0000     -0.1433288E-01 -0.1433288E-01   0.000000       0.000000    
  134.2000     -0.1363979E-01 -0.1363979E-01   0.000000       0.000000    
  134.4000     -0.1294670E-01 -0.1294670E-01   0.000000       0.000000    
  134.6000     -0.1228564E-01 -0.1228564E-01   0.000000       0.000000    
  134.8000     -0.1165660E-01 -0.1165660E-01   0.000000       0.000000    
  135.0000     -0.1102756E-01 -0.1102756E-01   0.000000       0.000000    
  135.2000     -0.1045696E-01 -0.1045696E-01   0.000000       0.000000    
  135.4000     -0.9886349E-02 -0.9886349E-02   0.000000       0.000000    
  135.6000     -0.9341841E-02 -0.9341841E-02   0.000000       0.000000    
  135.8000     -0.8823429E-02 -0.8823429E-02   0.000000       0.000000    
  136.0000     -0.8305019E-02 -0.8305019E-02   0.000000       0.000000    
  136.2000     -0.7836647E-02 -0.7836647E-02   0.000000       0.000000    
  136.4000     -0.7368276E-02 -0.7368276E-02   0.000000       0.000000    
  136.6000     -0.6923680E-02 -0.6923680E-02   0.000000       0.000000    
  136.8000     -0.6502858E-02 -0.6502858E-02   0.000000       0.000000    
  137.0000     -0.6082036E-02 -0.6082036E-02   0.000000       0.000000    
  137.2000     -0.5707977E-02 -0.5707977E-02   0.000000       0.000000    
  137.4000     -0.5333918E-02 -0.5333918E-02   0.000000       0.000000    
  137.6000     -0.4982184E-02 -0.4982184E-02   0.000000       0.000000    
  137.8000     -0.4652777E-02 -0.4652777E-02   0.000000       0.000000    
  138.0000     -0.4323369E-02 -0.4323369E-02   0.000000       0.000000    
  138.2000     -0.4037078E-02 -0.4037078E-02   0.000000       0.000000    
  138.4000     -0.3750787E-02 -0.3750787E-02   0.000000       0.000000    
  138.6000     -0.3484234E-02 -0.3484234E-02   0.000000       0.000000    
  138.8000     -0.3237420E-02 -0.3237420E-02   0.000000       0.000000    
  139.0000     -0.2990606E-02 -0.2990606E-02   0.000000       0.000000    
  139.2000     -0.2780498E-02 -0.2780498E-02   0.000000       0.000000    
  139.4000     -0.2570391E-02 -0.2570391E-02   0.000000       0.000000    
  139.6000     -0.2376227E-02 -0.2376227E-02   0.000000       0.000000    
  139.8000     -0.2198006E-02 -0.2198006E-02   0.000000       0.000000    
  140.0000     -0.2019786E-02 -0.2019786E-02   0.000000       0.000000    
  140.2000     -0.1870146E-02 -0.1870146E-02   0.000000       0.000000    
  140.4000     -0.1720507E-02 -0.1720507E-02   0.000000       0.000000    
  140.6000     -0.1582721E-02 -0.1582721E-02   0.000000       0.000000    
  140.8000     -0.1456787E-02 -0.1456787E-02   0.000000       0.000000    
  141.0000     -0.1330853E-02 -0.1330853E-02   0.000000       0.000000    
  141.2000     -0.1225522E-02 -0.1225522E-02   0.000000       0.000000    
  141.4000     -0.1120192E-02 -0.1120192E-02   0.000000       0.000000    
  141.6000     -0.1023060E-02 -0.1023060E-02   0.000000       0.000000    
  141.8000     -0.9341263E-03 -0.9341263E-03   0.000000       0.000000    
  142.0000     -0.8451930E-03 -0.8451930E-03   0.000000       0.000000    
  142.2000     -0.7700811E-03 -0.7700811E-03   0.000000       0.000000    
  142.4000     -0.6949692E-03 -0.6949692E-03   0.000000       0.000000    
  142.6000     -0.6250839E-03 -0.6250839E-03   0.000000       0.000000    
  142.8000     -0.5604251E-03 -0.5604251E-03   0.000000       0.000000    
  143.0000     -0.4957663E-03 -0.4957663E-03   0.000000       0.000000    
  143.2000     -0.4395066E-03 -0.4395066E-03   0.000000       0.000000    
  143.4000     -0.3832469E-03 -0.3832469E-03   0.000000       0.000000    
  143.6000     -0.3298464E-03 -0.3298464E-03   0.000000       0.000000    
  143.8000     -0.2793051E-03 -0.2793051E-03   0.000000       0.000000    
  144.0000     -0.2287638E-03 -0.2287638E-03   0.000000       0.000000    
  144.2000     -0.1827233E-03 -0.1827233E-03   0.000000       0.000000    
  144.4000     -0.1366828E-03 -0.1366828E-03   0.000000       0.000000    
  144.6000     -0.9093009E-04 -0.9093009E-04   0.000000       0.000000    
  144.8000     -0.4546505E-04 -0.4546505E-04   0.000000       0.000000    
  145.0000     -0.1693705E-10 -0.1693705E-10   0.000000       0.000000    
  180.2000     -0.9391883E-05 -0.9391883E-05   0.000000       0.000000    
  180.4000     -0.9657968E-05 -0.9657968E-05   0.000000       0.000000    
  180.6000     -0.1018493E-04 -0.1018493E-04   0.000000       0.000000    
  180.8000     -0.1083546E-04 -0.1083546E-04   0.000000       0.000000    
  181.0000     -0.1148130E-04 -0.1148130E-04   0.000000       0.000000    
  181.2000     -0.1211867E-04 -0.1211867E-04   0.000000       0.000000    
  181.4000     -0.1276377E-04 -0.1276377E-04   0.000000       0.000000    
  181.6000     -0.1361760E-04 -0.1361760E-04   0.000000       0.000000    
  181.8000     -0.1447142E-04 -0.1447142E-04   0.000000       0.000000    
  182.0000     -0.1553547E-04 -0.1553547E-04   0.000000       0.000000    
  182.2000     -0.1668360E-04 -0.1668360E-04   0.000000       0.000000    
  182.4000     -0.1797900E-04 -0.1797900E-04   0.000000       0.000000    
  182.6000     -0.1950199E-04 -0.1950199E-04   0.000000       0.000000    
  182.8000     -0.2105732E-04 -0.2105732E-04   0.000000       0.000000    
  183.0000     -0.2303301E-04 -0.2303301E-04   0.000000       0.000000    
  183.2000     -0.2500871E-04 -0.2500871E-04   0.000000       0.000000    
  183.4000     -0.2740897E-04 -0.2740897E-04   0.000000       0.000000    
  183.6000     -0.2995075E-04 -0.2995075E-04   0.000000       0.000000    
  183.8000     -0.3278409E-04 -0.3278409E-04   0.000000       0.000000    
  184.0000     -0.3600616E-04 -0.3600616E-04   0.000000       0.000000    
  184.2000     -0.3931901E-04 -0.3931901E-04   0.000000       0.000000    
  184.4000     -0.4338827E-04 -0.4338827E-04   0.000000       0.000000    
  184.6000     -0.4745753E-04 -0.4745753E-04   0.000000       0.000000    
  184.8000     -0.5236224E-04 -0.5236224E-04   0.000000       0.000000    
  185.0000     -0.5749481E-04 -0.5749481E-04   0.000000       0.000000    
  185.2000     -0.6322877E-04 -0.6322877E-04   0.000000       0.000000    
  185.4000     -0.6965663E-04 -0.6965663E-04   0.000000       0.000000    
  185.6000     -0.7632065E-04 -0.7632065E-04   0.000000       0.000000    
  185.8000     -0.8440160E-04 -0.8440160E-04   0.000000       0.000000    
  186.0000     -0.9248255E-04 -0.9248255E-04   0.000000       0.000000    
  186.2000     -0.1022205E-03 -0.1022205E-03   0.000000       0.000000    
  186.4000     -0.1123186E-03 -0.1123186E-03   0.000000       0.000000    
  186.6000     -0.1236895E-03 -0.1236895E-03   0.000000       0.000000    
  186.8000     -0.1363333E-03 -0.1363333E-03   0.000000       0.000000    
  187.0000     -0.1495525E-03 -0.1495525E-03   0.000000       0.000000    
  187.2000     -0.1654185E-03 -0.1654185E-03   0.000000       0.000000    
  187.4000     -0.1812845E-03 -0.1812845E-03   0.000000       0.000000    
  187.6000     -0.2005295E-03 -0.2005295E-03   0.000000       0.000000    
  187.8000     -0.2203377E-03 -0.2203377E-03   0.000000       0.000000    
  188.0000     -0.2428498E-03 -0.2428498E-03   0.000000       0.000000    
  188.2000     -0.2677054E-03 -0.2677054E-03   0.000000       0.000000    
  188.4000     -0.2938830E-03 -0.2938830E-03   0.000000       0.000000    
  188.6000     -0.3249078E-03 -0.3249078E-03   0.000000       0.000000    
  188.8000     -0.3559326E-03 -0.3559326E-03   0.000000       0.000000    
  189.0000     -0.3939165E-03 -0.3939165E-03   0.000000       0.000000    
  189.2000     -0.4327355E-03 -0.4327355E-03   0.000000       0.000000    
  189.4000     -0.4771978E-03 -0.4771978E-03   0.000000       0.000000    
  189.6000     -0.5258928E-03 -0.5258928E-03   0.000000       0.000000    
  189.8000     -0.5776093E-03 -0.5776093E-03   0.000000       0.000000    
  190.0000     -0.6383907E-03 -0.6383907E-03   0.000000       0.000000    
  190.2000     -0.6991721E-03 -0.6991721E-03   0.000000       0.000000    
  190.4000     -0.7743274E-03 -0.7743274E-03   0.000000       0.000000    
  190.6000     -0.8505884E-03 -0.8505884E-03   0.000000       0.000000    
  190.8000     -0.9383344E-03 -0.9383344E-03   0.000000       0.000000    
  191.0000     -0.1033512E-02 -0.1033512E-02   0.000000       0.000000    
  191.2000     -0.1135512E-02 -0.1135512E-02   0.000000       0.000000    
  191.4000     -0.1254568E-02 -0.1254568E-02   0.000000       0.000000    
  191.6000     -0.1373624E-02 -0.1373624E-02   0.000000       0.000000    
  191.8000     -0.1521815E-02 -0.1521815E-02   0.000000       0.000000    
  192.0000     -0.1671085E-02 -0.1671085E-02   0.000000       0.000000    
  192.2000     -0.1844071E-02 -0.1844071E-02   0.000000       0.000000    
  192.4000     -0.2030231E-02 -0.2030231E-02   0.000000       0.000000    
  192.6000     -0.2231532E-02 -0.2231532E-02   0.000000       0.000000    
  192.8000     -0.2464797E-02 -0.2464797E-02   0.000000       0.000000    
  193.0000     -0.2698062E-02 -0.2698062E-02   0.000000       0.000000    
  193.2000     -0.2988728E-02 -0.2988728E-02   0.000000       0.000000    
  193.4000     -0.3279394E-02 -0.3279394E-02   0.000000       0.000000    
  193.6000     -0.3619131E-02 -0.3619131E-02   0.000000       0.000000    
  193.8000     -0.3982111E-02 -0.3982111E-02   0.000000       0.000000    
  194.0000     -0.4377863E-02 -0.4377863E-02   0.000000       0.000000    
  194.2000     -0.4832605E-02 -0.4832605E-02   0.000000       0.000000    
  194.4000     -0.5291379E-02 -0.5291379E-02   0.000000       0.000000    
  194.6000     -0.5859012E-02 -0.5859012E-02   0.000000       0.000000    
  194.8000     -0.6426645E-02 -0.6426645E-02   0.000000       0.000000    
  195.0000     -0.7099505E-02 -0.7099505E-02   0.000000       0.000000    
  195.2000     -0.7814456E-02 -0.7814456E-02   0.000000       0.000000    
  195.4000     -0.8601849E-02 -0.8601849E-02   0.000000       0.000000    
  195.6000     -0.9501197E-02 -0.9501197E-02   0.000000       0.000000    
  195.8000     -0.1041778E-01 -0.1041778E-01   0.000000       0.000000    
  196.0000     -0.1155845E-01 -0.1155845E-01   0.000000       0.000000    
  196.2000     -0.1269912E-01 -0.1269912E-01   0.000000       0.000000    
  196.4000     -0.1407779E-01 -0.1407779E-01   0.000000       0.000000    
  196.6000     -0.1553579E-01 -0.1553579E-01   0.000000       0.000000    
  196.8000     -0.1716284E-01 -0.1716284E-01   0.000000       0.000000    
  197.0000     -0.1901527E-01 -0.1901527E-01   0.000000       0.000000    
  197.2000     -0.2092118E-01 -0.2092118E-01   0.000000       0.000000    
  197.4000     -0.2327272E-01 -0.2327272E-01   0.000000       0.000000    
  197.6000     -0.2562425E-01 -0.2562425E-01   0.000000       0.000000    
  197.8000     -0.2842764E-01 -0.2842764E-01   0.000000       0.000000    
  198.0000     -0.3135427E-01 -0.3135427E-01   0.000000       0.000000    
  198.2000     -0.3457793E-01 -0.3457793E-01   0.000000       0.000000    
  198.4000     -0.3814435E-01 -0.3814435E-01   0.000000       0.000000    
  198.6000     -0.4180320E-01 -0.4180320E-01   0.000000       0.000000    
  198.8000     -0.4601670E-01 -0.4601670E-01   0.000000       0.000000    
  199.0000     -0.5023021E-01 -0.5023021E-01   0.000000       0.000000    
  199.2000     -0.5492988E-01 -0.5492988E-01   0.000000       0.000000    
  199.4000     -0.5973524E-01 -0.5973524E-01   0.000000       0.000000    
  199.6000     -0.6462378E-01 -0.6462378E-01   0.000000       0.000000    
  199.8000     -0.6959552E-01 -0.6959552E-01   0.000000       0.000000    
  200.0000     -0.7518581E-01 -0.7518581E-01   0.000000       0.000000    
ENDDATA
ENDFILE
