HEADINGS
 NPRINT= 1000  Z from  0.000000     to  200.0000    
 PRINTED AT R1=0,  R2=  0.000000      WT=   160.000degrees

SOLID

MARKERSIZE 0.06
ylabel
MV/m

ABSCISSA 1
ORDINATE  2   3   4   5


TITLES
Z
Ez(0,Z)
Ez(R2,Z)
Er(R2,Z)
Bphi(R2,Z)
ENDTITLES

AXIS_LABELS
Z
Ez(0,Z)
Ez(R2,Z)
Er(R2,Z)
Bphi(R2,Z)
ENDLABELS

CURVE_LABELS
Z
Ez(0,Z)
Ez(R2,Z)
Er(R2,Z)
Bphi(R2,Z)
ENDLABELS


DATA
;      Z      EZ(0,Z)     EZ(R2,Z)    ER(R2,Z)    Bphi(R2,Z) 
  75.20000     -0.1939252E-03 -0.1939252E-03   0.000000       0.000000    
  75.40000     -0.3878505E-03 -0.3878505E-03   0.000000       0.000000    
  75.60000     -0.5862050E-03 -0.5862050E-03   0.000000       0.000000    
  75.80000     -0.7889889E-03 -0.7889889E-03   0.000000       0.000000    
  76.00000     -0.9917729E-03 -0.9917729E-03   0.000000       0.000000    
  76.20000     -0.1210309E-02 -0.1210309E-02   0.000000       0.000000    
  76.40000     -0.1428845E-02 -0.1428845E-02   0.000000       0.000000    
  76.60000     -0.1660653E-02 -0.1660653E-02   0.000000       0.000000    
  76.80000     -0.1905733E-02 -0.1905733E-02   0.000000       0.000000    
  77.00000     -0.2150814E-02 -0.2150814E-02   0.000000       0.000000    
  77.20000     -0.2430439E-02 -0.2430439E-02   0.000000       0.000000    
  77.40000     -0.2710063E-02 -0.2710063E-02   0.000000       0.000000    
  77.60000     -0.3013555E-02 -0.3013555E-02   0.000000       0.000000    
  77.80000     -0.3340913E-02 -0.3340913E-02   0.000000       0.000000    
  78.00000     -0.3668272E-02 -0.3668272E-02   0.000000       0.000000    
  78.20000     -0.4053394E-02 -0.4053394E-02   0.000000       0.000000    
  78.40000     -0.4438516E-02 -0.4438516E-02   0.000000       0.000000    
  78.60000     -0.4860876E-02 -0.4860876E-02   0.000000       0.000000    
  78.80000     -0.5320473E-02 -0.5320473E-02   0.000000       0.000000    
  79.00000     -0.5780070E-02 -0.5780070E-02   0.000000       0.000000    
  79.20000     -0.6326740E-02 -0.6326740E-02   0.000000       0.000000    
  79.40000     -0.6873410E-02 -0.6873410E-02   0.000000       0.000000    
  79.60000     -0.7473880E-02 -0.7473880E-02   0.000000       0.000000    
  79.80000     -0.8128149E-02 -0.8128149E-02   0.000000       0.000000    
  80.00000     -0.8782418E-02 -0.8782418E-02   0.000000       0.000000    
  80.20000     -0.9559066E-02 -0.9559066E-02   0.000000       0.000000    
  80.40000     -0.1033571E-01 -0.1033571E-01   0.000000       0.000000    
  80.60000     -0.1118492E-01 -0.1118492E-01   0.000000       0.000000    
  80.80000     -0.1210670E-01 -0.1210670E-01   0.000000       0.000000    
  81.00000     -0.1302848E-01 -0.1302848E-01   0.000000       0.000000    
  81.20000     -0.1411026E-01 -0.1411026E-01   0.000000       0.000000    
  81.40000     -0.1519204E-01 -0.1519204E-01   0.000000       0.000000    
  81.60000     -0.1636424E-01 -0.1636424E-01   0.000000       0.000000    
  81.80000     -0.1762686E-01 -0.1762686E-01   0.000000       0.000000    
  82.00000     -0.1888948E-01 -0.1888948E-01   0.000000       0.000000    
  82.20000     -0.2034435E-01 -0.2034435E-01   0.000000       0.000000    
  82.40000     -0.2179922E-01 -0.2179922E-01   0.000000       0.000000    
  82.60000     -0.2335742E-01 -0.2335742E-01   0.000000       0.000000    
  82.80000     -0.2501894E-01 -0.2501894E-01   0.000000       0.000000    
  83.00000     -0.2668046E-01 -0.2668046E-01   0.000000       0.000000    
  83.20000     -0.2855465E-01 -0.2855465E-01   0.000000       0.000000    
  83.40000     -0.3042884E-01 -0.3042884E-01   0.000000       0.000000    
  83.60000     -0.3241410E-01 -0.3241410E-01   0.000000       0.000000    
  83.80000     -0.3451041E-01 -0.3451041E-01   0.000000       0.000000    
  84.00000     -0.3660673E-01 -0.3660673E-01   0.000000       0.000000    
  84.20000     -0.3893023E-01 -0.3893023E-01   0.000000       0.000000    
  84.40000     -0.4125373E-01 -0.4125373E-01   0.000000       0.000000    
  84.60000     -0.4369866E-01 -0.4369866E-01   0.000000       0.000000    
  84.80000     -0.4626502E-01 -0.4626502E-01   0.000000       0.000000    
  85.00000     -0.4883138E-01 -0.4883138E-01   0.000000       0.000000    
  85.20000     -0.5165444E-01 -0.5165444E-01   0.000000       0.000000    
  85.40000     -0.5447749E-01 -0.5447749E-01   0.000000       0.000000    
  85.60000     -0.5744640E-01 -0.5744640E-01   0.000000       0.000000    
  85.80000     -0.6056115E-01 -0.6056115E-01   0.000000       0.000000    
  86.00000     -0.6367590E-01 -0.6367590E-01   0.000000       0.000000    
  86.20000     -0.6711181E-01 -0.6711181E-01   0.000000       0.000000    
  86.40000     -0.7054773E-01 -0.7054773E-01   0.000000       0.000000    
  86.60000     -0.7417363E-01 -0.7417363E-01   0.000000       0.000000    
  86.80000     -0.7798953E-01 -0.7798953E-01   0.000000       0.000000    
  87.00000     -0.8180542E-01 -0.8180542E-01   0.000000       0.000000    
  87.20000     -0.8604603E-01 -0.8604603E-01   0.000000       0.000000    
  87.40000     -0.9028664E-01 -0.9028664E-01   0.000000       0.000000    
  87.60000     -0.9477902E-01 -0.9477902E-01   0.000000       0.000000    
  87.80000     -0.9952317E-01 -0.9952317E-01   0.000000       0.000000    
  88.00000     -0.1042673     -0.1042673       0.000000       0.000000    
  88.20000     -0.1095709     -0.1095709       0.000000       0.000000    
  88.40000     -0.1148745     -0.1148745       0.000000       0.000000    
  88.60000     -0.1205044     -0.1205044       0.000000       0.000000    
  88.80000     -0.1264604     -0.1264604       0.000000       0.000000    
  89.00000     -0.1324165     -0.1324165       0.000000       0.000000    
  89.20000     -0.1390879     -0.1390879       0.000000       0.000000    
  89.40000     -0.1457594     -0.1457594       0.000000       0.000000    
  89.60000     -0.1528395     -0.1528395       0.000000       0.000000    
  89.80000     -0.1603283     -0.1603283       0.000000       0.000000    
  90.00000     -0.1678170     -0.1678170       0.000000       0.000000    
  90.20000     -0.1761889     -0.1761889       0.000000       0.000000    
  90.40000     -0.1845608     -0.1845608       0.000000       0.000000    
  90.60000     -0.1934264     -0.1934264       0.000000       0.000000    
  90.80000     -0.2027859     -0.2027859       0.000000       0.000000    
  91.00000     -0.2121453     -0.2121453       0.000000       0.000000    
  91.20000     -0.2225547     -0.2225547       0.000000       0.000000    
  91.40000     -0.2329641     -0.2329641       0.000000       0.000000    
  91.60000     -0.2439464     -0.2439464       0.000000       0.000000    
  91.80000     -0.2555017     -0.2555017       0.000000       0.000000    
  92.00000     -0.2670570     -0.2670570       0.000000       0.000000    
  92.20000     -0.2798070     -0.2798070       0.000000       0.000000    
  92.40000     -0.2925570     -0.2925570       0.000000       0.000000    
  92.60000     -0.3059391     -0.3059391       0.000000       0.000000    
  92.80000     -0.3199535     -0.3199535       0.000000       0.000000    
  93.00000     -0.3339679     -0.3339679       0.000000       0.000000    
  93.20000     -0.3492666     -0.3492666       0.000000       0.000000    
  93.40000     -0.3645653     -0.3645653       0.000000       0.000000    
  93.60000     -0.3805160     -0.3805160       0.000000       0.000000    
  93.80000     -0.3971188     -0.3971188       0.000000       0.000000    
  94.00000     -0.4137215     -0.4137215       0.000000       0.000000    
  94.20000     -0.4316015     -0.4316015       0.000000       0.000000    
  94.40000     -0.4494815     -0.4494815       0.000000       0.000000    
  94.60000     -0.4679729     -0.4679729       0.000000       0.000000    
  94.80000     -0.4870756     -0.4870756       0.000000       0.000000    
  95.00000     -0.5061783     -0.5061783       0.000000       0.000000    
  95.20000     -0.5264153     -0.5264153       0.000000       0.000000    
  95.40000     -0.5466524     -0.5466524       0.000000       0.000000    
  95.60000     -0.5673853     -0.5673853       0.000000       0.000000    
  95.80000     -0.5886141     -0.5886141       0.000000       0.000000    
  96.00000     -0.6098428     -0.6098428       0.000000       0.000000    
  96.20000     -0.6319105     -0.6319105       0.000000       0.000000    
  96.40000     -0.6539780     -0.6539780       0.000000       0.000000    
  96.60000     -0.6763538     -0.6763538       0.000000       0.000000    
  96.80000     -0.6990377     -0.6990377       0.000000       0.000000    
  97.00000     -0.7217215     -0.7217215       0.000000       0.000000    
  97.20000     -0.7448193     -0.7448193       0.000000       0.000000    
  97.40000     -0.7679173     -0.7679173       0.000000       0.000000    
  97.60000     -0.7910878     -0.7910878       0.000000       0.000000    
  97.80000     -0.8143309     -0.8143309       0.000000       0.000000    
  98.00000     -0.8375740     -0.8375740       0.000000       0.000000    
  98.20000     -0.8607427     -0.8607427       0.000000       0.000000    
  98.40000     -0.8839114     -0.8839114       0.000000       0.000000    
  98.60000     -0.9069102     -0.9069102       0.000000       0.000000    
  98.80000     -0.9297392     -0.9297392       0.000000       0.000000    
  99.00000     -0.9525681     -0.9525681       0.000000       0.000000    
  99.20000     -0.9748570     -0.9748570       0.000000       0.000000    
  99.40000     -0.9971458     -0.9971458       0.000000       0.000000    
  99.60000      -1.019057      -1.019057       0.000000       0.000000    
  99.80000      -1.040589      -1.040589       0.000000       0.000000    
  100.0000      -1.062122      -1.062122       0.000000       0.000000    
  100.2000      -1.082746      -1.082746       0.000000       0.000000    
  100.4000      -1.103369      -1.103369       0.000000       0.000000    
  100.6000      -1.123468      -1.123468       0.000000       0.000000    
  100.8000      -1.143042      -1.143042       0.000000       0.000000    
  101.0000      -1.162615      -1.162615       0.000000       0.000000    
  101.2000      -1.181044      -1.181044       0.000000       0.000000    
  101.4000      -1.199472      -1.199472       0.000000       0.000000    
  101.6000      -1.217295      -1.217295       0.000000       0.000000    
  101.8000      -1.234513      -1.234513       0.000000       0.000000    
  102.0000      -1.251732      -1.251732       0.000000       0.000000    
  102.2000      -1.267697      -1.267697       0.000000       0.000000    
  102.4000      -1.283662      -1.283662       0.000000       0.000000    
  102.6000      -1.299000      -1.299000       0.000000       0.000000    
  102.8000      -1.313708      -1.313708       0.000000       0.000000    
  103.0000      -1.328417      -1.328417       0.000000       0.000000    
  103.2000      -1.341865      -1.341865       0.000000       0.000000    
  103.4000      -1.355312      -1.355312       0.000000       0.000000    
  103.6000      -1.368145      -1.368145       0.000000       0.000000    
  103.8000      -1.380365      -1.380365       0.000000       0.000000    
  104.0000      -1.392586      -1.392586       0.000000       0.000000    
  104.2000      -1.403596      -1.403596       0.000000       0.000000    
  104.4000      -1.414606      -1.414606       0.000000       0.000000    
  104.6000      -1.425038      -1.425038       0.000000       0.000000    
  104.8000      -1.434890      -1.434890       0.000000       0.000000    
  105.0000      -1.444743      -1.444743       0.000000       0.000000    
  105.2000      -1.453464      -1.453464       0.000000       0.000000    
  105.4000      -1.462186      -1.462186       0.000000       0.000000    
  105.6000      -1.470370      -1.470370       0.000000       0.000000    
  105.8000      -1.478015      -1.478015       0.000000       0.000000    
  106.0000      -1.485660      -1.485660       0.000000       0.000000    
  106.2000      -1.492257      -1.492257       0.000000       0.000000    
  106.4000      -1.498854      -1.498854       0.000000       0.000000    
  106.6000      -1.504950      -1.504950       0.000000       0.000000    
  106.8000      -1.510545      -1.510545       0.000000       0.000000    
  107.0000      -1.516141      -1.516141       0.000000       0.000000    
  107.2000      -1.520759      -1.520759       0.000000       0.000000    
  107.4000      -1.525376      -1.525376       0.000000       0.000000    
  107.6000      -1.529523      -1.529523       0.000000       0.000000    
  107.8000      -1.533199      -1.533199       0.000000       0.000000    
  108.0000      -1.536875      -1.536875       0.000000       0.000000    
  108.2000      -1.539625      -1.539625       0.000000       0.000000    
  108.4000      -1.542376      -1.542376       0.000000       0.000000    
  108.6000      -1.544674      -1.544674       0.000000       0.000000    
  108.8000      -1.546521      -1.546521       0.000000       0.000000    
  109.0000      -1.548368      -1.548368       0.000000       0.000000    
  109.2000      -1.549319      -1.549319       0.000000       0.000000    
  109.4000      -1.550271      -1.550271       0.000000       0.000000    
  109.6000      -1.550778      -1.550778       0.000000       0.000000    
  109.8000      -1.550841      -1.550841       0.000000       0.000000    
  110.0000      -1.550904      -1.550904       0.000000       0.000000    
  110.2000      -1.550079      -1.550079       0.000000       0.000000    
  110.4000      -1.549254      -1.549254       0.000000       0.000000    
  110.6000      -1.547980      -1.547980       0.000000       0.000000    
  110.8000      -1.546258      -1.546258       0.000000       0.000000    
  111.0000      -1.544536      -1.544536       0.000000       0.000000    
  111.2000      -1.541909      -1.541909       0.000000       0.000000    
  111.4000      -1.539282      -1.539282       0.000000       0.000000    
  111.6000      -1.536191      -1.536191       0.000000       0.000000    
  111.8000      -1.532636      -1.532636       0.000000       0.000000    
  112.0000      -1.529081      -1.529081       0.000000       0.000000    
  112.2000      -1.524580      -1.524580       0.000000       0.000000    
  112.4000      -1.520080      -1.520080       0.000000       0.000000    
  112.6000      -1.515088      -1.515088       0.000000       0.000000    
  112.8000      -1.509605      -1.509605       0.000000       0.000000    
  113.0000      -1.504122      -1.504122       0.000000       0.000000    
  113.2000      -1.497632      -1.497632       0.000000       0.000000    
  113.4000      -1.491141      -1.491141       0.000000       0.000000    
  113.6000      -1.484123      -1.484123       0.000000       0.000000    
  113.8000      -1.476576      -1.476576       0.000000       0.000000    
  114.0000      -1.469029      -1.469029       0.000000       0.000000    
  114.2000      -1.460396      -1.460396       0.000000       0.000000    
  114.4000      -1.451763      -1.451763       0.000000       0.000000    
  114.6000      -1.442558      -1.442558       0.000000       0.000000    
  114.8000      -1.432781      -1.432781       0.000000       0.000000    
  115.0000      -1.423005      -1.423005       0.000000       0.000000    
  115.2000      -1.412056      -1.412056       0.000000       0.000000    
  115.4000      -1.401107      -1.401107       0.000000       0.000000    
  115.6000      -1.389544      -1.389544       0.000000       0.000000    
  115.8000      -1.377367      -1.377367       0.000000       0.000000    
  116.0000      -1.365190      -1.365190       0.000000       0.000000    
  116.2000      -1.351765      -1.351765       0.000000       0.000000    
  116.4000      -1.338339      -1.338339       0.000000       0.000000    
  116.6000      -1.324271      -1.324271       0.000000       0.000000    
  116.8000      -1.309560      -1.309560       0.000000       0.000000    
  117.0000      -1.294848      -1.294848       0.000000       0.000000    
  117.2000      -1.278853      -1.278853       0.000000       0.000000    
  117.4000      -1.262857      -1.262857       0.000000       0.000000    
  117.6000      -1.246220      -1.246220       0.000000       0.000000    
  117.8000      -1.228941      -1.228941       0.000000       0.000000    
  118.0000      -1.211662      -1.211662       0.000000       0.000000    
  118.2000      -1.193140      -1.193140       0.000000       0.000000    
  118.4000      -1.174619      -1.174619       0.000000       0.000000    
  118.6000      -1.155508      -1.155508       0.000000       0.000000    
  118.8000      -1.135808      -1.135808       0.000000       0.000000    
  119.0000      -1.116107      -1.116107       0.000000       0.000000    
  119.2000      -1.095322      -1.095322       0.000000       0.000000    
  119.4000      -1.074538      -1.074538       0.000000       0.000000    
  119.6000      -1.053283      -1.053283       0.000000       0.000000    
  119.8000      -1.031558      -1.031558       0.000000       0.000000    
  120.0000      -1.009833      -1.009833       0.000000       0.000000    
  120.2000     -0.9873226     -0.9873226       0.000000       0.000000    
  120.4000     -0.9648122     -0.9648122       0.000000       0.000000    
  120.6000     -0.9420207     -0.9420207       0.000000       0.000000    
  120.8000     -0.9189482     -0.9189482       0.000000       0.000000    
  121.0000     -0.8958756     -0.8958756       0.000000       0.000000    
  121.2000     -0.8724460     -0.8724460       0.000000       0.000000    
  121.4000     -0.8490163     -0.8490163       0.000000       0.000000    
  121.6000     -0.8255458     -0.8255458       0.000000       0.000000    
  121.8000     -0.8020346     -0.8020346       0.000000       0.000000    
  122.0000     -0.7785233     -0.7785233       0.000000       0.000000    
  122.2000     -0.7551572     -0.7551572       0.000000       0.000000    
  122.4000     -0.7317911     -0.7317911       0.000000       0.000000    
  122.6000     -0.7086370     -0.7086370       0.000000       0.000000    
  122.8000     -0.6856948     -0.6856948       0.000000       0.000000    
  123.0000     -0.6627525     -0.6627525       0.000000       0.000000    
  123.2000     -0.6404442     -0.6404442       0.000000       0.000000    
  123.4000     -0.6181358     -0.6181358       0.000000       0.000000    
  123.6000     -0.5962589     -0.5962589       0.000000       0.000000    
  123.8000     -0.5748132     -0.5748132       0.000000       0.000000    
  124.0000     -0.5533677     -0.5533677       0.000000       0.000000    
  124.2000     -0.5329443     -0.5329443       0.000000       0.000000    
  124.4000     -0.5125210     -0.5125210       0.000000       0.000000    
  124.6000     -0.4926805     -0.4926805       0.000000       0.000000    
  124.8000     -0.4734231     -0.4734231       0.000000       0.000000    
  125.0000     -0.4541656     -0.4541656       0.000000       0.000000    
  125.2000     -0.4361665     -0.4361665       0.000000       0.000000    
  125.4000     -0.4181673     -0.4181673       0.000000       0.000000    
  125.6000     -0.4008227     -0.4008227       0.000000       0.000000    
  125.8000     -0.3841326     -0.3841326       0.000000       0.000000    
  126.0000     -0.3674426     -0.3674426       0.000000       0.000000    
  126.2000     -0.3520901     -0.3520901       0.000000       0.000000    
  126.4000     -0.3367376     -0.3367376       0.000000       0.000000    
  126.6000     -0.3220409     -0.3220409       0.000000       0.000000    
  126.8000     -0.3080000     -0.3080000       0.000000       0.000000    
  127.0000     -0.2939591     -0.2939591       0.000000       0.000000    
  127.2000     -0.2812099     -0.2812099       0.000000       0.000000    
  127.4000     -0.2684607     -0.2684607       0.000000       0.000000    
  127.6000     -0.2563192     -0.2563192       0.000000       0.000000    
  127.8000     -0.2447854     -0.2447854       0.000000       0.000000    
  128.0000     -0.2332516     -0.2332516       0.000000       0.000000    
  128.2000     -0.2228843     -0.2228843       0.000000       0.000000    
  128.4000     -0.2125169     -0.2125169       0.000000       0.000000    
  128.6000     -0.2026823     -0.2026823       0.000000       0.000000    
  128.8000     -0.1933803     -0.1933803       0.000000       0.000000    
  129.0000     -0.1840783     -0.1840783       0.000000       0.000000    
  129.2000     -0.1757796     -0.1757796       0.000000       0.000000    
  129.4000     -0.1674808     -0.1674808       0.000000       0.000000    
  129.6000     -0.1596301     -0.1596301       0.000000       0.000000    
  129.8000     -0.1522273     -0.1522273       0.000000       0.000000    
  130.0000     -0.1448246     -0.1448246       0.000000       0.000000    
  130.2000     -0.1382532     -0.1382532       0.000000       0.000000    
  130.4000     -0.1316818     -0.1316818       0.000000       0.000000    
  130.6000     -0.1254747     -0.1254747       0.000000       0.000000    
  130.8000     -0.1196320     -0.1196320       0.000000       0.000000    
  131.0000     -0.1137892     -0.1137892       0.000000       0.000000    
  131.2000     -0.1086138     -0.1086138       0.000000       0.000000    
  131.4000     -0.1034383     -0.1034383       0.000000       0.000000    
  131.6000     -0.9854999E-01 -0.9854999E-01   0.000000       0.000000    
  131.8000     -0.9394881E-01 -0.9394881E-01   0.000000       0.000000    
  132.0000     -0.8934762E-01 -0.8934762E-01   0.000000       0.000000    
  132.2000     -0.8526527E-01 -0.8526527E-01   0.000000       0.000000    
  132.4000     -0.8118291E-01 -0.8118291E-01   0.000000       0.000000    
  132.6000     -0.7731956E-01 -0.7731956E-01   0.000000       0.000000    
  132.8000     -0.7367522E-01 -0.7367522E-01   0.000000       0.000000    
  133.0000     -0.7003088E-01 -0.7003088E-01   0.000000       0.000000    
  133.2000     -0.6677723E-01 -0.6677723E-01   0.000000       0.000000    
  133.4000     -0.6352358E-01 -0.6352358E-01   0.000000       0.000000    
  133.6000     -0.6043257E-01 -0.6043257E-01   0.000000       0.000000    
  133.8000     -0.5750418E-01 -0.5750418E-01   0.000000       0.000000    
  134.0000     -0.5457580E-01 -0.5457580E-01   0.000000       0.000000    
  134.2000     -0.5193670E-01 -0.5193670E-01   0.000000       0.000000    
  134.4000     -0.4929760E-01 -0.4929760E-01   0.000000       0.000000    
  134.6000     -0.4678044E-01 -0.4678044E-01   0.000000       0.000000    
  134.8000     -0.4438523E-01 -0.4438523E-01   0.000000       0.000000    
  135.0000     -0.4199002E-01 -0.4199002E-01   0.000000       0.000000    
  135.2000     -0.3981730E-01 -0.3981730E-01   0.000000       0.000000    
  135.4000     -0.3764459E-01 -0.3764459E-01   0.000000       0.000000    
  135.6000     -0.3557124E-01 -0.3557124E-01   0.000000       0.000000    
  135.8000     -0.3359727E-01 -0.3359727E-01   0.000000       0.000000    
  136.0000     -0.3162330E-01 -0.3162330E-01   0.000000       0.000000    
  136.2000     -0.2983987E-01 -0.2983987E-01   0.000000       0.000000    
  136.4000     -0.2805644E-01 -0.2805644E-01   0.000000       0.000000    
  136.6000     -0.2636353E-01 -0.2636353E-01   0.000000       0.000000    
  136.8000     -0.2476115E-01 -0.2476115E-01   0.000000       0.000000    
  137.0000     -0.2315878E-01 -0.2315878E-01   0.000000       0.000000    
  137.2000     -0.2173446E-01 -0.2173446E-01   0.000000       0.000000    
  137.4000     -0.2031014E-01 -0.2031014E-01   0.000000       0.000000    
  137.6000     -0.1897083E-01 -0.1897083E-01   0.000000       0.000000    
  137.8000     -0.1771654E-01 -0.1771654E-01   0.000000       0.000000    
  138.0000     -0.1646224E-01 -0.1646224E-01   0.000000       0.000000    
  138.2000     -0.1537212E-01 -0.1537212E-01   0.000000       0.000000    
  138.4000     -0.1428200E-01 -0.1428200E-01   0.000000       0.000000    
  138.6000     -0.1326704E-01 -0.1326704E-01   0.000000       0.000000    
  138.8000     -0.1232723E-01 -0.1232723E-01   0.000000       0.000000    
  139.0000     -0.1138743E-01 -0.1138743E-01   0.000000       0.000000    
  139.2000     -0.1058740E-01 -0.1058740E-01   0.000000       0.000000    
  139.4000     -0.9787365E-02 -0.9787365E-02   0.000000       0.000000    
  139.6000     -0.9048040E-02 -0.9048040E-02   0.000000       0.000000    
  139.8000     -0.8369423E-02 -0.8369423E-02   0.000000       0.000000    
  140.0000     -0.7690807E-02 -0.7690807E-02   0.000000       0.000000    
  140.2000     -0.7121020E-02 -0.7121020E-02   0.000000       0.000000    
  140.4000     -0.6551234E-02 -0.6551234E-02   0.000000       0.000000    
  140.6000     -0.6026580E-02 -0.6026580E-02   0.000000       0.000000    
  140.8000     -0.5547058E-02 -0.5547058E-02   0.000000       0.000000    
  141.0000     -0.5067536E-02 -0.5067536E-02   0.000000       0.000000    
  141.2000     -0.4666464E-02 -0.4666464E-02   0.000000       0.000000    
  141.4000     -0.4265392E-02 -0.4265392E-02   0.000000       0.000000    
  141.6000     -0.3895539E-02 -0.3895539E-02   0.000000       0.000000    
  141.8000     -0.3556905E-02 -0.3556905E-02   0.000000       0.000000    
  142.0000     -0.3218270E-02 -0.3218270E-02   0.000000       0.000000    
  142.2000     -0.2932264E-02 -0.2932264E-02   0.000000       0.000000    
  142.4000     -0.2646258E-02 -0.2646258E-02   0.000000       0.000000    
  142.6000     -0.2380153E-02 -0.2380153E-02   0.000000       0.000000    
  142.8000     -0.2133950E-02 -0.2133950E-02   0.000000       0.000000    
  143.0000     -0.1887746E-02 -0.1887746E-02   0.000000       0.000000    
  143.2000     -0.1673524E-02 -0.1673524E-02   0.000000       0.000000    
  143.4000     -0.1459302E-02 -0.1459302E-02   0.000000       0.000000    
  143.6000     -0.1255967E-02 -0.1255967E-02   0.000000       0.000000    
  143.8000     -0.1063519E-02 -0.1063519E-02   0.000000       0.000000    
  144.0000     -0.8710715E-03 -0.8710715E-03   0.000000       0.000000    
  144.2000     -0.6957617E-03 -0.6957617E-03   0.000000       0.000000    
  144.4000     -0.5204519E-03 -0.5204519E-03   0.000000       0.000000    
  144.6000     -0.3462376E-03 -0.3462376E-03   0.000000       0.000000    
  144.8000     -0.1731188E-03 -0.1731188E-03   0.000000       0.000000    
  145.0000     -0.6449177E-10 -0.6449177E-10   0.000000       0.000000    
  180.2000     -0.1293588E-03 -0.1293588E-03   0.000000       0.000000    
  180.4000     -0.1330237E-03 -0.1330237E-03   0.000000       0.000000    
  180.6000     -0.1402818E-03 -0.1402818E-03   0.000000       0.000000    
  180.8000     -0.1492419E-03 -0.1492419E-03   0.000000       0.000000    
  181.0000     -0.1581373E-03 -0.1581373E-03   0.000000       0.000000    
  181.2000     -0.1669161E-03 -0.1669161E-03   0.000000       0.000000    
  181.4000     -0.1758014E-03 -0.1758014E-03   0.000000       0.000000    
  181.6000     -0.1875615E-03 -0.1875615E-03   0.000000       0.000000    
  181.8000     -0.1993217E-03 -0.1993217E-03   0.000000       0.000000    
  182.0000     -0.2139773E-03 -0.2139773E-03   0.000000       0.000000    
  182.2000     -0.2297911E-03 -0.2297911E-03   0.000000       0.000000    
  182.4000     -0.2476332E-03 -0.2476332E-03   0.000000       0.000000    
  182.6000     -0.2686100E-03 -0.2686100E-03   0.000000       0.000000    
  182.8000     -0.2900323E-03 -0.2900323E-03   0.000000       0.000000    
  183.0000     -0.3172444E-03 -0.3172444E-03   0.000000       0.000000    
  183.2000     -0.3444566E-03 -0.3444566E-03   0.000000       0.000000    
  183.4000     -0.3775166E-03 -0.3775166E-03   0.000000       0.000000    
  183.6000     -0.4125257E-03 -0.4125257E-03   0.000000       0.000000    
  183.8000     -0.4515506E-03 -0.4515506E-03   0.000000       0.000000    
  184.0000     -0.4959298E-03 -0.4959298E-03   0.000000       0.000000    
  184.2000     -0.5415592E-03 -0.5415592E-03   0.000000       0.000000    
  184.4000     -0.5976070E-03 -0.5976070E-03   0.000000       0.000000    
  184.6000     -0.6536547E-03 -0.6536547E-03   0.000000       0.000000    
  184.8000     -0.7212097E-03 -0.7212097E-03   0.000000       0.000000    
  185.0000     -0.7919029E-03 -0.7919029E-03   0.000000       0.000000    
  185.2000     -0.8708794E-03 -0.8708794E-03   0.000000       0.000000    
  185.4000     -0.9594135E-03 -0.9594135E-03   0.000000       0.000000    
  185.6000     -0.1051200E-02 -0.1051200E-02   0.000000       0.000000    
  185.8000     -0.1162503E-02 -0.1162503E-02   0.000000       0.000000    
  186.0000     -0.1273806E-02 -0.1273806E-02   0.000000       0.000000    
  186.2000     -0.1407930E-02 -0.1407930E-02   0.000000       0.000000    
  186.4000     -0.1547017E-02 -0.1547017E-02   0.000000       0.000000    
  186.6000     -0.1703634E-02 -0.1703634E-02   0.000000       0.000000    
  186.8000     -0.1877783E-02 -0.1877783E-02   0.000000       0.000000    
  187.0000     -0.2059856E-02 -0.2059856E-02   0.000000       0.000000    
  187.2000     -0.2278386E-02 -0.2278386E-02   0.000000       0.000000    
  187.4000     -0.2496917E-02 -0.2496917E-02   0.000000       0.000000    
  187.6000     -0.2761987E-02 -0.2761987E-02   0.000000       0.000000    
  187.8000     -0.3034814E-02 -0.3034814E-02   0.000000       0.000000    
  188.0000     -0.3344885E-02 -0.3344885E-02   0.000000       0.000000    
  188.2000     -0.3687232E-02 -0.3687232E-02   0.000000       0.000000    
  188.4000     -0.4047788E-02 -0.4047788E-02   0.000000       0.000000    
  188.6000     -0.4475107E-02 -0.4475107E-02   0.000000       0.000000    
  188.8000     -0.4902426E-02 -0.4902426E-02   0.000000       0.000000    
  189.0000     -0.5425596E-02 -0.5425596E-02   0.000000       0.000000    
  189.2000     -0.5960268E-02 -0.5960268E-02   0.000000       0.000000    
  189.4000     -0.6572669E-02 -0.6572669E-02   0.000000       0.000000    
  189.6000     -0.7243368E-02 -0.7243368E-02   0.000000       0.000000    
  189.8000     -0.7955684E-02 -0.7955684E-02   0.000000       0.000000    
  190.0000     -0.8792855E-02 -0.8792855E-02   0.000000       0.000000    
  190.2000     -0.9630025E-02 -0.9630025E-02   0.000000       0.000000    
  190.4000     -0.1066517E-01 -0.1066517E-01   0.000000       0.000000    
  190.6000     -0.1171555E-01 -0.1171555E-01   0.000000       0.000000    
  190.8000     -0.1292412E-01 -0.1292412E-01   0.000000       0.000000    
  191.0000     -0.1423504E-01 -0.1423504E-01   0.000000       0.000000    
  191.2000     -0.1563994E-01 -0.1563994E-01   0.000000       0.000000    
  191.4000     -0.1727975E-01 -0.1727975E-01   0.000000       0.000000    
  191.6000     -0.1891957E-01 -0.1891957E-01   0.000000       0.000000    
  191.8000     -0.2096067E-01 -0.2096067E-01   0.000000       0.000000    
  192.0000     -0.2301664E-01 -0.2301664E-01   0.000000       0.000000    
  192.2000     -0.2539925E-01 -0.2539925E-01   0.000000       0.000000    
  192.4000     -0.2796333E-01 -0.2796333E-01   0.000000       0.000000    
  192.6000     -0.3073594E-01 -0.3073594E-01   0.000000       0.000000    
  192.8000     -0.3394881E-01 -0.3394881E-01   0.000000       0.000000    
  193.0000     -0.3716167E-01 -0.3716167E-01   0.000000       0.000000    
  193.2000     -0.4116516E-01 -0.4116516E-01   0.000000       0.000000    
  193.4000     -0.4516863E-01 -0.4516863E-01   0.000000       0.000000    
  193.6000     -0.4984798E-01 -0.4984798E-01   0.000000       0.000000    
  193.8000     -0.5484748E-01 -0.5484748E-01   0.000000       0.000000    
  194.0000     -0.6029836E-01 -0.6029836E-01   0.000000       0.000000    
  194.2000     -0.6656174E-01 -0.6656174E-01   0.000000       0.000000    
  194.4000     -0.7288064E-01 -0.7288064E-01   0.000000       0.000000    
  194.6000     -0.8069891E-01 -0.8069891E-01   0.000000       0.000000    
  194.8000     -0.8851719E-01 -0.8851719E-01   0.000000       0.000000    
  195.0000     -0.9778480E-01 -0.9778480E-01   0.000000       0.000000    
  195.2000     -0.1076322     -0.1076322       0.000000       0.000000    
  195.4000     -0.1184773     -0.1184773       0.000000       0.000000    
  195.6000     -0.1308644     -0.1308644       0.000000       0.000000    
  195.8000     -0.1434890     -0.1434890       0.000000       0.000000    
  196.0000     -0.1592000     -0.1592000       0.000000       0.000000    
  196.2000     -0.1749110     -0.1749110       0.000000       0.000000    
  196.4000     -0.1939000     -0.1939000       0.000000       0.000000    
  196.6000     -0.2139817     -0.2139817       0.000000       0.000000    
  196.8000     -0.2363918     -0.2363918       0.000000       0.000000    
  197.0000     -0.2619062     -0.2619062       0.000000       0.000000    
  197.2000     -0.2881572     -0.2881572       0.000000       0.000000    
  197.4000     -0.3205460     -0.3205460       0.000000       0.000000    
  197.6000     -0.3529348     -0.3529348       0.000000       0.000000    
  197.8000     -0.3915472     -0.3915472       0.000000       0.000000    
  198.0000     -0.4318570     -0.4318570       0.000000       0.000000    
  198.2000     -0.4762581     -0.4762581       0.000000       0.000000    
  198.4000     -0.5253800     -0.5253800       0.000000       0.000000    
  198.6000     -0.5757750     -0.5757750       0.000000       0.000000    
  198.8000     -0.6338096     -0.6338096       0.000000       0.000000    
  199.0000     -0.6918442     -0.6918442       0.000000       0.000000    
  199.2000     -0.7565750     -0.7565750       0.000000       0.000000    
  199.4000     -0.8227614     -0.8227614       0.000000       0.000000    
  199.6000     -0.8900937     -0.8900937       0.000000       0.000000    
  199.8000     -0.9585716     -0.9585716       0.000000       0.000000    
  200.0000      -1.035569      -1.035569       0.000000       0.000000    
ENDDATA
ENDFILE
